305.0 500 500
148.0 173.0 221.0
396.0 420.0 91.0
361.0 322.0 10.0
150.0 124.0 189.0
35.0 445.0 174.0
299.0 139.0 234.0
420.0 241.0 53.0
44.0 391.0 202.0
130.0 422.0 282.0
164.0 295.0 254.0
359.0 36.0 145.0
112.0 17.0 241.0
457.0 320.0 199.0
385.0 378.0 168.0
304.0 460.0 222.0
227.0 231.0 139.0
55.0 336.0 246.0
66.0 464.0 233.0
306.0 489.0 85.0
311.0 204.0 220.0
283.0 474.0 155.0
340.0 97.0 127.0
6.0 327.0 163.0
63.0 327.0 115.0
395.0 15.0 9.0
279.0 344.0 279.0
102.0 47.0 266.0
72.0 132.0 305.0
85.0 432.0 247.0
397.0 469.0 155.0
33.0 276.0 16.0
264.0 432.0 200.0
102.0 6.0 86.0
115.0 296.0 119.0
288.0 340.0 70.0
424.0 279.0 82.0
324.0 60.0 130.0
326.0 425.0 90.0
360.0 180.0 36.0
445.0 477.0 234.0
180.0 20.0 69.0
386.0 215.0 217.0
485.0 209.0 45.0
51.0 487.0 10.0
201.0 8.0 173.0
487.0 92.0 214.0
475.0 19.0 19.0
490.0 290.0 168.0
62.0 340.0 141.0
405.0 115.0 80.0
186.0 31.0 267.0
169.0 492.0 79.0
457.0 93.0 14.0
64.0 456.0 228.0
431.0 309.0 267.0
272.0 250.0 167.0
358.0 460.0 110.0
260.0 435.0 159.0
465.0 225.0 19.0
211.0 422.0 237.0
233.0 228.0 202.0
184.0 38.0 82.0
24.0 183.0 123.0
202.0 229.0 232.0
140.0 106.0 231.0
106.0 455.0 224.0
329.0 404.0 9.0
382.0 156.0 223.0
228.0 111.0 239.0
240.0 36.0 169.0
397.0 125.0 254.0
195.0 253.0 53.0
71.0 432.0 246.0
376.0 288.0 4.0
40.0 227.0 242.0
222.0 73.0 174.0
33.0 33.0 195.0
354.0 456.0 290.0
444.0 486.0 266.0
288.0 492.0 210.0
303.0 308.0 180.0
387.0 81.0 17.0
359.0 146.0 118.0
490.0 326.0 125.0
114.0 277.0 275.0
46.0 436.0 243.0
45.0 46.0 140.0
258.0 270.0 113.0
209.0 227.0 59.0
6.0 157.0 280.0
316.0 373.0 125.0
258.0 428.0 214.0
73.0 201.0 164.0
321.0 45.0 65.0
289.0 494.0 268.0
210.0 443.0 43.0
102.0 2.0 111.0
99.0 459.0 167.0
189.0 3.0 247.0
270.0 29.0 158.0
415.0 243.0 27.0
467.0 7.0 193.0
429.0 338.0 186.0
236.0 86.0 80.0
273.0 38.0 303.0
172.0 301.0 11.0
46.0 365.0 112.0
212.0 419.0 288.0
202.0 186.0 232.0
26.0 372.0 19.0
495.0 369.0 91.0
379.0 97.0 100.0
252.0 79.0 304.0
190.0 27.0 239.0
304.0 293.0 118.0
196.0 399.0 106.0
67.0 159.0 7.0
2.0 350.0 151.0
68.0 445.0 200.0
235.0 403.0 177.0
359.0 495.0 116.0
212.0 323.0 3.0
382.0 140.0 156.0
357.0 289.0 161.0
218.0 482.0 198.0
490.0 69.0 300.0
367.0 467.0 64.0
179.0 118.0 213.0
215.0 239.0 157.0
107.0 50.0 103.0
164.0 466.0 227.0
108.0 473.0 8.0
159.0 71.0 98.0
58.0 227.0 60.0
423.0 54.0 59.0
317.0 108.0 153.0
20.0 283.0 287.0
208.0 81.0 117.0
108.0 488.0 16.0
214.0 2.0 27.0
6.0 252.0 75.0
319.0 151.0 178.0
230.0 55.0 302.0
375.0 39.0 33.0
29.0 437.0 69.0
439.0 269.0 165.0
449.0 463.0 33.0
465.0 396.0 11.0
379.0 469.0 143.0
258.0 478.0 128.0
407.0 144.0 281.0
391.0 133.0 167.0
260.0 86.0 208.0
22.0 277.0 137.0
91.0 341.0 28.0
376.0 430.0 31.0
490.0 470.0 227.0
17.0 221.0 105.0
493.0 387.0 95.0
172.0 448.0 262.0
147.0 18.0 292.0
35.0 131.0 239.0
396.0 122.0 187.0
429.0 282.0 283.0
160.0 216.0 57.0
440.0 190.0 51.0
182.0 277.0 34.0
120.0 157.0 38.0
397.0 112.0 262.0
197.0 2.0 118.0
196.0 487.0 35.0
40.0 78.0 87.0
146.0 337.0 36.0
343.0 288.0 26.0
360.0 387.0 152.0
158.0 400.0 21.0
21.0 319.0 258.0
376.0 320.0 265.0
491.0 392.0 117.0
27.0 482.0 234.0
250.0 134.0 219.0
59.0 370.0 173.0
487.0 368.0 75.0
92.0 415.0 31.0
57.0 453.0 36.0
472.0 458.0 57.0
429.0 457.0 304.0
488.0 87.0 138.0
336.0 210.0 145.0
464.0 478.0 165.0
461.0 203.0 239.0
397.0 299.0 278.0
191.0 470.0 64.0
412.0 365.0 264.0
248.0 78.0 258.0
143.0 18.0 249.0
492.0 467.0 174.0
285.0 363.0 193.0
244.0 199.0 75.0
18.0 338.0 19.0
50.0 16.0 145.0
147.0 123.0 254.0
49.0 337.0 8.0
277.0 270.0 117.0
202.0 303.0 176.0
164.0 359.0 194.0
132.0 363.0 280.0
412.0 500.0 52.0
127.0 150.0 298.0
154.0 53.0 11.0
335.0 405.0 247.0
95.0 412.0 280.0
22.0 1.0 66.0
6.0 280.0 124.0
208.0 411.0 264.0
189.0 302.0 176.0
361.0 293.0 173.0
74.0 106.0 97.0
401.0 253.0 127.0
383.0 442.0 37.0
371.0 399.0 13.0
344.0 149.0 273.0
108.0 295.0 210.0
309.0 379.0 201.0
70.0 52.0 59.0
243.0 408.0 79.0
304.0 118.0 248.0
30.0 187.0 37.0
175.0 66.0 63.0
12.0 175.0 6.0
390.0 243.0 207.0
454.0 214.0 40.0
29.0 209.0 234.0
498.0 442.0 272.0
216.0 283.0 251.0
50.0 266.0 82.0
237.0 338.0 237.0
79.0 50.0 163.0
376.0 462.0 240.0
292.0 125.0 4.0
127.0 299.0 23.0
256.0 492.0 161.0
153.0 382.0 56.0
416.0 266.0 1.0
316.0 187.0 70.0
112.0 221.0 52.0
20.0 244.0 67.0
468.0 196.0 37.0
148.0 293.0 180.0
13.0 77.0 42.0
135.0 32.0 115.0
97.0 398.0 231.0
40.0 16.0 17.0
465.0 459.0 207.0
426.0 355.0 175.0
328.0 9.0 82.0
367.0 68.0 49.0
500.0 258.0 292.0
499.0 238.0 120.0
350.0 35.0 75.0
372.0 122.0 193.0
405.0 142.0 154.0
291.0 234.0 231.0
448.0 118.0 140.0
246.0 438.0 282.0
385.0 286.0 96.0
205.0 150.0 217.0
422.0 153.0 174.0
25.0 152.0 250.0
22.0 305.0 87.0
178.0 97.0 67.0
200.0 363.0 260.0
172.0 166.0 298.0
40.0 228.0 253.0
79.0 349.0 49.0
451.0 311.0 282.0
291.0 50.0 265.0
493.0 145.0 122.0
134.0 243.0 48.0
214.0 222.0 80.0
288.0 487.0 172.0
474.0 293.0 146.0
92.0 1.0 149.0
473.0 464.0 292.0
408.0 78.0 203.0
392.0 265.0 58.0
297.0 408.0 221.0
197.0 39.0 119.0
83.0 314.0 258.0
219.0 233.0 55.0
367.0 299.0 234.0
86.0 472.0 301.0
208.0 145.0 116.0
361.0 105.0 207.0
277.0 193.0 134.0
225.0 94.0 51.0
62.0 401.0 176.0
29.0 316.0 275.0
269.0 278.0 288.0
413.0 368.0 189.0
406.0 290.0 3.0
89.0 101.0 254.0
182.0 187.0 95.0
208.0 82.0 258.0
407.0 386.0 53.0
407.0 462.0 128.0
18.0 193.0 59.0
172.0 489.0 158.0
28.0 295.0 134.0
175.0 250.0 220.0
343.0 54.0 118.0
406.0 232.0 216.0
189.0 251.0 302.0
89.0 313.0 83.0
420.0 272.0 280.0
247.0 277.0 108.0
82.0 21.0 292.0
44.0 387.0 41.0
355.0 445.0 214.0
449.0 379.0 167.0
317.0 350.0 267.0
241.0 79.0 149.0
421.0 300.0 139.0
309.0 121.0 51.0
220.0 211.0 125.0
266.0 102.0 146.0
223.0 256.0 263.0
472.0 460.0 95.0
5.0 303.0 81.0
246.0 162.0 54.0
318.0 82.0 279.0
148.0 281.0 208.0
259.0 79.0 109.0
198.0 347.0 11.0
8.0 360.0 236.0
87.0 22.0 161.0
211.0 167.0 104.0
98.0 162.0 12.0
89.0 3.0 216.0
494.0 21.0 99.0
37.0 189.0 298.0
27.0 413.0 278.0
486.0 67.0 57.0
35.0 433.0 122.0
78.0 416.0 37.0
18.0 29.0 114.0
421.0 485.0 194.0
249.0 240.0 289.0
242.0 204.0 169.0
403.0 80.0 64.0
468.0 187.0 30.0
7.0 152.0 224.0
70.0 395.0 134.0
61.0 192.0 53.0
150.0 289.0 192.0
165.0 491.0 164.0
429.0 246.0 242.0
490.0 361.0 102.0
71.0 220.0 58.0
219.0 497.0 17.0
99.0 35.0 47.0
88.0 184.0 106.0
444.0 238.0 164.0
126.0 399.0 121.0
110.0 193.0 99.0
361.0 409.0 124.0
304.0 280.0 256.0
470.0 13.0 174.0
68.0 245.0 43.0
111.0 366.0 60.0
184.0 42.0 157.0
325.0 152.0 185.0
397.0 417.0 26.0
325.0 243.0 52.0
19.0 25.0 111.0
45.0 135.0 254.0
397.0 7.0 241.0
146.0 491.0 198.0
144.0 53.0 273.0
246.0 295.0 216.0
316.0 40.0 156.0
364.0 111.0 298.0
357.0 476.0 170.0
413.0 484.0 91.0
183.0 348.0 52.0
316.0 473.0 277.0
150.0 388.0 203.0
493.0 272.0 288.0
34.0 436.0 208.0
10.0 419.0 185.0
472.0 211.0 205.0
341.0 263.0 34.0
334.0 475.0 7.0
104.0 355.0 156.0
84.0 491.0 260.0
117.0 193.0 158.0
359.0 347.0 257.0
92.0 264.0 22.0
418.0 93.0 117.0
142.0 326.0 237.0
62.0 470.0 73.0
247.0 85.0 286.0
164.0 330.0 151.0
243.0 3.0 194.0
9.0 56.0 305.0
434.0 263.0 207.0
226.0 261.0 139.0
403.0 127.0 184.0
327.0 109.0 157.0
410.0 347.0 84.0
109.0 37.0 300.0
393.0 308.0 122.0
263.0 250.0 136.0
194.0 480.0 291.0
322.0 284.0 16.0
170.0 405.0 18.0
386.0 437.0 102.0
389.0 309.0 186.0
372.0 446.0 284.0
62.0 266.0 221.0
235.0 270.0 142.0
159.0 363.0 72.0
49.0 478.0 303.0
193.0 33.0 126.0
248.0 412.0 143.0
232.0 272.0 24.0
301.0 92.0 268.0
184.0 55.0 259.0
130.0 115.0 169.0
435.0 266.0 7.0
195.0 8.0 106.0
446.0 136.0 99.0
489.0 13.0 182.0
279.0 354.0 257.0
166.0 366.0 159.0
300.0 63.0 67.0
484.0 169.0 269.0
120.0 220.0 112.0
45.0 45.0 56.0
289.0 184.0 68.0
444.0 357.0 257.0
250.0 424.0 103.0
150.0 143.0 60.0
321.0 90.0 209.0
494.0 248.0 274.0
126.0 253.0 294.0
110.0 355.0 120.0
223.0 387.0 205.0
480.0 485.0 70.0
141.0 170.0 180.0
500.0 321.0 258.0
438.0 428.0 104.0
181.0 195.0 70.0
493.0 203.0 204.0
294.0 313.0 258.0
362.0 359.0 18.0
144.0 105.0 117.0
308.0 287.0 154.0
193.0 356.0 227.0
327.0 376.0 147.0
253.0 374.0 95.0
117.0 58.0 177.0
404.0 493.0 108.0
326.0 123.0 78.0
110.0 201.0 2.0
246.0 390.0 93.0
47.0 468.0 193.0
447.0 299.0 141.0
151.0 33.0 126.0
484.0 9.0 301.0
26.0 77.0 51.0
417.0 187.0 51.0
486.0 51.0 289.0
183.0 416.0 193.0
385.0 343.0 22.0
342.0 39.0 135.0
407.0 139.0 299.0
77.0 24.0 233.0
399.0 466.0 303.0
54.0 499.0 79.0
150.0 311.0 255.0
268.0 345.0 288.0
453.0 282.0 54.0
471.0 42.0 93.0
40.0 404.0 136.0
297.0 363.0 8.0
82.0 96.0 233.0
50.0 265.0 148.0
423.0 453.0 207.0
206.0 268.0 62.0
424.0 350.0 11.0
254.0 252.0 76.0
364.0 368.0 288.0
329.0 85.0 42.0
284.0 106.0 189.0
483.0 191.0 71.0
13.0 471.0 266.0
371.0 388.0 7.0
443.0 237.0 141.0
90.0 388.0 250.0
