827.0 100 100
18.0 2.0 387.0
2.0 46.0 469.0
75.0 61.0 735.0
16.0 82.0 698.0
16.0 74.0 272.0
1.0 40.0 713.0
17.0 35.0 370.0
74.0 86.0 441.0
75.0 69.0 381.0
100.0 47.0 597.0
70.0 72.0 458.0
99.0 5.0 557.0
43.0 18.0 117.0
54.0 31.0 436.0
11.0 3.0 785.0
96.0 36.0 782.0
83.0 77.0 93.0
67.0 84.0 497.0
87.0 86.0 364.0
24.0 26.0 72.0
42.0 94.0 46.0
73.0 32.0 522.0
56.0 12.0 560.0
22.0 2.0 598.0
98.0 67.0 825.0
34.0 69.0 335.0
84.0 76.0 71.0
72.0 19.0 600.0
9.0 35.0 200.0
16.0 96.0 662.0
10.0 55.0 627.0
94.0 98.0 635.0
34.0 53.0 787.0
14.0 74.0 466.0
51.0 56.0 365.0
87.0 48.0 188.0
13.0 36.0 748.0
14.0 38.0 95.0
91.0 83.0 495.0
6.0 91.0 686.0
26.0 21.0 381.0
91.0 63.0 481.0
57.0 12.0 665.0
31.0 34.0 290.0
62.0 57.0 94.0
50.0 22.0 362.0
31.0 95.0 419.0
38.0 67.0 305.0
46.0 40.0 337.0
38.0 68.0 441.0
12.0 20.0 348.0
37.0 56.0 366.0
100.0 45.0 287.0
16.0 56.0 736.0
81.0 8.0 412.0
86.0 48.0 133.0
91.0 17.0 576.0
74.0 6.0 412.0
84.0 72.0 515.0
79.0 1.0 308.0
87.0 79.0 745.0
20.0 42.0 317.0
61.0 99.0 643.0
62.0 44.0 329.0
62.0 86.0 454.0
47.0 72.0 404.0
42.0 55.0 475.0
10.0 31.0 250.0
77.0 62.0 468.0
98.0 82.0 336.0
90.0 23.0 485.0
73.0 72.0 236.0
7.0 97.0 392.0
2.0 29.0 579.0
7.0 67.0 802.0
16.0 30.0 756.0
95.0 23.0 183.0
62.0 35.0 408.0
37.0 48.0 329.0
12.0 58.0 305.0
11.0 54.0 178.0
73.0 89.0 102.0
32.0 65.0 224.0
3.0 41.0 799.0
82.0 12.0 213.0
60.0 67.0 50.0
88.0 68.0 548.0
15.0 20.0 84.0
29.0 12.0 151.0
19.0 77.0 690.0
47.0 64.0 276.0
21.0 25.0 251.0
60.0 85.0 803.0
56.0 53.0 449.0
17.0 83.0 480.0
62.0 84.0 318.0
9.0 33.0 134.0
75.0 86.0 433.0
41.0 52.0 413.0
71.0 80.0 563.0
