297.0 1000 1000
720.0 578.0 118.0
921.0 43.0 147.0
714.0 967.0 285.0
188.0 817.0 281.0
638.0 324.0 271.0
990.0 438.0 27.0
904.0 191.0 280.0
224.0 540.0 222.0
517.0 957.0 233.0
315.0 467.0 82.0
116.0 113.0 46.0
833.0 622.0 23.0
718.0 760.0 56.0
804.0 166.0 218.0
188.0 174.0 163.0
34.0 370.0 45.0
7.0 740.0 109.0
819.0 269.0 225.0
527.0 676.0 253.0
242.0 306.0 280.0
43.0 826.0 112.0
28.0 175.0 46.0
154.0 314.0 66.0
465.0 107.0 33.0
152.0 339.0 148.0
966.0 701.0 87.0
788.0 507.0 147.0
561.0 990.0 201.0
462.0 339.0 185.0
491.0 588.0 195.0
816.0 437.0 250.0
339.0 340.0 78.0
65.0 790.0 271.0
132.0 227.0 225.0
305.0 176.0 39.0
981.0 134.0 259.0
191.0 363.0 32.0
121.0 311.0 66.0
803.0 698.0 88.0
359.0 703.0 86.0
429.0 910.0 82.0
621.0 46.0 96.0
419.0 7.0 292.0
457.0 489.0 51.0
752.0 493.0 102.0
404.0 224.0 58.0
674.0 954.0 79.0
178.0 920.0 6.0
623.0 10.0 177.0
905.0 837.0 82.0
803.0 681.0 148.0
349.0 68.0 53.0
598.0 206.0 77.0
226.0 8.0 135.0
657.0 908.0 111.0
765.0 669.0 272.0
806.0 7.0 203.0
301.0 842.0 196.0
943.0 603.0 3.0
578.0 44.0 214.0
276.0 755.0 264.0
12.0 325.0 146.0
459.0 779.0 100.0
304.0 824.0 201.0
450.0 27.0 31.0
607.0 659.0 199.0
20.0 396.0 35.0
127.0 784.0 229.0
274.0 310.0 217.0
306.0 387.0 275.0
101.0 541.0 296.0
74.0 880.0 248.0
74.0 824.0 76.0
474.0 376.0 5.0
740.0 193.0 112.0
987.0 434.0 149.0
887.0 318.0 23.0
197.0 112.0 105.0
956.0 2.0 107.0
43.0 624.0 152.0
173.0 632.0 177.0
552.0 899.0 226.0
940.0 633.0 8.0
882.0 751.0 92.0
766.0 288.0 264.0
243.0 411.0 169.0
420.0 241.0 292.0
126.0 361.0 203.0
583.0 259.0 31.0
668.0 609.0 79.0
1000.0 701.0 212.0
365.0 108.0 235.0
982.0 484.0 296.0
798.0 310.0 154.0
910.0 207.0 106.0
324.0 241.0 206.0
783.0 542.0 147.0
587.0 720.0 95.0
400.0 820.0 148.0
126.0 859.0 292.0
749.0 214.0 211.0
888.0 941.0 179.0
109.0 473.0 49.0
219.0 523.0 252.0
888.0 475.0 239.0
109.0 945.0 159.0
957.0 853.0 184.0
592.0 498.0 103.0
178.0 702.0 36.0
49.0 610.0 32.0
651.0 450.0 148.0
530.0 796.0 77.0
305.0 626.0 93.0
552.0 358.0 184.0
562.0 903.0 232.0
179.0 287.0 102.0
664.0 756.0 213.0
763.0 474.0 272.0
677.0 575.0 130.0
695.0 507.0 107.0
330.0 664.0 1.0
879.0 560.0 31.0
478.0 85.0 277.0
766.0 310.0 161.0
797.0 676.0 3.0
414.0 549.0 236.0
946.0 252.0 184.0
700.0 322.0 216.0
152.0 91.0 277.0
10.0 530.0 175.0
498.0 644.0 242.0
239.0 100.0 187.0
912.0 150.0 104.0
900.0 50.0 263.0
433.0 577.0 182.0
611.0 145.0 38.0
35.0 524.0 81.0
90.0 776.0 198.0
527.0 103.0 216.0
199.0 312.0 228.0
639.0 68.0 44.0
312.0 322.0 55.0
599.0 117.0 88.0
541.0 848.0 266.0
652.0 114.0 263.0
740.0 654.0 6.0
397.0 313.0 99.0
162.0 94.0 39.0
96.0 498.0 40.0
331.0 837.0 53.0
764.0 284.0 164.0
988.0 29.0 36.0
841.0 936.0 203.0
577.0 988.0 117.0
979.0 584.0 126.0
856.0 106.0 185.0
568.0 271.0 116.0
242.0 21.0 266.0
277.0 65.0 276.0
791.0 338.0 69.0
251.0 446.0 38.0
510.0 353.0 116.0
878.0 276.0 274.0
442.0 372.0 18.0
818.0 897.0 80.0
720.0 896.0 3.0
397.0 141.0 37.0
146.0 202.0 268.0
653.0 351.0 192.0
618.0 641.0 105.0
308.0 524.0 189.0
756.0 385.0 104.0
389.0 775.0 151.0
794.0 792.0 250.0
89.0 688.0 125.0
402.0 993.0 134.0
889.0 460.0 236.0
611.0 783.0 220.0
914.0 977.0 142.0
909.0 165.0 131.0
518.0 909.0 11.0
635.0 614.0 95.0
156.0 354.0 134.0
618.0 952.0 26.0
720.0 386.0 138.0
166.0 758.0 223.0
633.0 727.0 47.0
833.0 189.0 17.0
536.0 606.0 111.0
69.0 425.0 72.0
392.0 225.0 264.0
60.0 425.0 213.0
59.0 162.0 132.0
665.0 238.0 44.0
879.0 810.0 182.0
624.0 388.0 158.0
875.0 854.0 178.0
976.0 321.0 139.0
699.0 786.0 287.0
150.0 226.0 51.0
342.0 126.0 42.0
101.0 518.0 147.0
628.0 942.0 187.0
748.0 637.0 62.0
50.0 355.0 71.0
975.0 868.0 243.0
337.0 155.0 272.0
536.0 182.0 1.0
33.0 661.0 87.0
199.0 573.0 82.0
198.0 394.0 139.0
485.0 429.0 76.0
247.0 436.0 191.0
35.0 575.0 248.0
752.0 129.0 221.0
281.0 159.0 85.0
499.0 629.0 273.0
6.0 389.0 181.0
795.0 145.0 117.0
161.0 656.0 257.0
366.0 279.0 184.0
934.0 165.0 207.0
661.0 808.0 260.0
368.0 149.0 18.0
770.0 590.0 277.0
495.0 919.0 154.0
118.0 737.0 140.0
42.0 689.0 45.0
673.0 210.0 123.0
705.0 629.0 267.0
326.0 833.0 199.0
998.0 207.0 90.0
908.0 143.0 17.0
957.0 303.0 291.0
602.0 461.0 4.0
960.0 192.0 69.0
396.0 995.0 98.0
474.0 321.0 160.0
207.0 502.0 234.0
379.0 303.0 176.0
999.0 987.0 15.0
200.0 203.0 61.0
87.0 794.0 151.0
16.0 345.0 103.0
919.0 369.0 170.0
341.0 572.0 84.0
420.0 315.0 264.0
989.0 403.0 261.0
4.0 529.0 104.0
841.0 393.0 267.0
984.0 233.0 289.0
951.0 417.0 278.0
416.0 250.0 24.0
218.0 594.0 108.0
689.0 693.0 69.0
521.0 331.0 2.0
972.0 139.0 185.0
215.0 964.0 119.0
248.0 922.0 3.0
25.0 866.0 16.0
73.0 370.0 134.0
753.0 643.0 66.0
720.0 932.0 15.0
963.0 221.0 257.0
351.0 390.0 261.0
681.0 769.0 296.0
704.0 738.0 14.0
494.0 414.0 176.0
249.0 271.0 68.0
770.0 710.0 169.0
192.0 644.0 247.0
555.0 622.0 109.0
404.0 870.0 27.0
346.0 976.0 236.0
550.0 728.0 147.0
19.0 755.0 24.0
201.0 892.0 45.0
851.0 222.0 10.0
779.0 226.0 259.0
557.0 557.0 185.0
972.0 406.0 150.0
492.0 855.0 282.0
83.0 46.0 256.0
609.0 860.0 43.0
257.0 205.0 38.0
989.0 506.0 203.0
912.0 124.0 220.0
65.0 109.0 285.0
76.0 797.0 17.0
230.0 167.0 44.0
965.0 812.0 4.0
922.0 37.0 253.0
539.0 622.0 8.0
434.0 3.0 6.0
188.0 936.0 144.0
329.0 318.0 217.0
110.0 380.0 182.0
152.0 774.0 169.0
585.0 519.0 35.0
30.0 194.0 141.0
624.0 131.0 175.0
166.0 498.0 91.0
634.0 610.0 219.0
296.0 482.0 1.0
621.0 41.0 277.0
27.0 343.0 253.0
323.0 909.0 4.0
977.0 983.0 142.0
751.0 377.0 296.0
622.0 832.0 91.0
238.0 282.0 26.0
328.0 129.0 175.0
915.0 487.0 167.0
790.0 275.0 203.0
777.0 463.0 291.0
721.0 766.0 223.0
450.0 162.0 283.0
591.0 875.0 226.0
448.0 524.0 96.0
334.0 262.0 6.0
990.0 890.0 26.0
384.0 205.0 16.0
262.0 912.0 49.0
306.0 572.0 92.0
724.0 58.0 76.0
433.0 727.0 58.0
564.0 21.0 124.0
749.0 650.0 123.0
551.0 229.0 122.0
200.0 725.0 108.0
141.0 416.0 52.0
346.0 491.0 28.0
134.0 126.0 84.0
11.0 418.0 281.0
204.0 980.0 120.0
111.0 241.0 101.0
81.0 925.0 3.0
168.0 176.0 252.0
787.0 309.0 168.0
167.0 189.0 159.0
426.0 930.0 245.0
5.0 578.0 122.0
286.0 763.0 144.0
166.0 10.0 39.0
237.0 606.0 105.0
765.0 643.0 3.0
254.0 586.0 68.0
196.0 469.0 293.0
567.0 329.0 52.0
492.0 847.0 275.0
202.0 554.0 1.0
744.0 780.0 75.0
55.0 99.0 269.0
464.0 524.0 27.0
943.0 497.0 272.0
428.0 68.0 85.0
305.0 746.0 142.0
962.0 9.0 253.0
126.0 66.0 45.0
853.0 851.0 197.0
709.0 980.0 120.0
412.0 286.0 214.0
835.0 936.0 122.0
77.0 117.0 280.0
627.0 899.0 197.0
164.0 91.0 201.0
626.0 574.0 159.0
709.0 474.0 90.0
826.0 276.0 101.0
352.0 287.0 77.0
103.0 501.0 24.0
738.0 965.0 229.0
745.0 187.0 156.0
426.0 935.0 80.0
29.0 799.0 289.0
682.0 487.0 32.0
604.0 160.0 247.0
78.0 785.0 157.0
146.0 400.0 243.0
651.0 270.0 287.0
463.0 214.0 223.0
372.0 984.0 174.0
212.0 426.0 37.0
341.0 680.0 68.0
219.0 725.0 98.0
943.0 497.0 268.0
370.0 583.0 178.0
915.0 576.0 273.0
68.0 151.0 286.0
168.0 275.0 127.0
757.0 271.0 257.0
105.0 675.0 93.0
280.0 183.0 240.0
198.0 337.0 286.0
266.0 765.0 53.0
734.0 780.0 82.0
94.0 912.0 18.0
712.0 889.0 38.0
653.0 387.0 142.0
171.0 408.0 15.0
316.0 70.0 129.0
193.0 205.0 56.0
591.0 247.0 188.0
35.0 189.0 14.0
595.0 359.0 142.0
414.0 356.0 57.0
980.0 630.0 19.0
720.0 499.0 102.0
552.0 309.0 242.0
714.0 940.0 126.0
722.0 675.0 237.0
55.0 101.0 233.0
797.0 983.0 24.0
469.0 749.0 82.0
250.0 466.0 238.0
594.0 77.0 236.0
466.0 202.0 103.0
982.0 813.0 5.0
479.0 141.0 236.0
727.0 77.0 18.0
244.0 805.0 250.0
783.0 485.0 29.0
356.0 36.0 262.0
915.0 872.0 106.0
862.0 720.0 82.0
100.0 185.0 276.0
985.0 296.0 55.0
966.0 364.0 258.0
807.0 437.0 162.0
942.0 56.0 24.0
291.0 776.0 86.0
366.0 627.0 111.0
480.0 642.0 135.0
962.0 195.0 64.0
363.0 347.0 136.0
181.0 126.0 189.0
194.0 529.0 37.0
882.0 199.0 259.0
93.0 97.0 229.0
94.0 142.0 103.0
364.0 427.0 280.0
912.0 597.0 191.0
334.0 121.0 261.0
616.0 437.0 267.0
808.0 66.0 120.0
170.0 254.0 2.0
676.0 919.0 187.0
441.0 505.0 32.0
496.0 865.0 268.0
678.0 130.0 101.0
31.0 572.0 280.0
355.0 206.0 288.0
91.0 229.0 95.0
34.0 691.0 119.0
505.0 81.0 56.0
992.0 322.0 92.0
446.0 884.0 147.0
353.0 24.0 232.0
570.0 411.0 270.0
76.0 475.0 8.0
726.0 779.0 277.0
552.0 67.0 125.0
276.0 894.0 27.0
628.0 6.0 110.0
22.0 78.0 189.0
458.0 530.0 152.0
205.0 729.0 51.0
899.0 774.0 152.0
302.0 198.0 234.0
659.0 908.0 199.0
54.0 392.0 224.0
564.0 425.0 84.0
174.0 807.0 270.0
358.0 582.0 95.0
112.0 796.0 142.0
923.0 460.0 227.0
332.0 21.0 127.0
856.0 247.0 247.0
534.0 20.0 192.0
589.0 482.0 273.0
654.0 959.0 279.0
566.0 970.0 264.0
120.0 417.0 64.0
276.0 226.0 71.0
732.0 102.0 31.0
795.0 835.0 42.0
380.0 822.0 66.0
959.0 418.0 235.0
158.0 705.0 11.0
701.0 645.0 15.0
940.0 508.0 83.0
785.0 225.0 241.0
136.0 771.0 12.0
126.0 253.0 96.0
800.0 383.0 193.0
670.0 913.0 99.0
972.0 850.0 281.0
136.0 18.0 56.0
711.0 791.0 83.0
595.0 471.0 278.0
677.0 81.0 219.0
266.0 439.0 34.0
820.0 63.0 216.0
77.0 282.0 55.0
346.0 611.0 280.0
616.0 390.0 134.0
909.0 761.0 7.0
333.0 471.0 203.0
83.0 634.0 61.0
989.0 355.0 201.0
908.0 298.0 164.0
56.0 336.0 31.0
107.0 909.0 199.0
363.0 868.0 232.0
931.0 329.0 186.0
652.0 259.0 295.0
238.0 686.0 33.0
994.0 807.0 154.0
914.0 997.0 259.0
205.0 696.0 110.0
248.0 527.0 138.0
450.0 394.0 274.0
926.0 783.0 182.0
246.0 270.0 167.0
554.0 498.0 58.0
846.0 660.0 217.0
486.0 301.0 60.0
764.0 649.0 268.0
491.0 714.0 295.0
477.0 770.0 272.0
661.0 994.0 267.0
678.0 739.0 74.0
786.0 151.0 153.0
952.0 941.0 201.0
403.0 254.0 25.0
243.0 823.0 129.0
79.0 72.0 156.0
817.0 774.0 239.0
491.0 982.0 153.0
613.0 555.0 285.0
166.0 286.0 83.0
464.0 573.0 124.0
515.0 141.0 45.0
968.0 266.0 129.0
274.0 832.0 43.0
971.0 766.0 137.0
748.0 289.0 120.0
287.0 756.0 94.0
966.0 491.0 118.0
269.0 747.0 155.0
211.0 535.0 231.0
999.0 718.0 197.0
333.0 837.0 201.0
790.0 387.0 234.0
93.0 764.0 234.0
311.0 101.0 187.0
870.0 285.0 296.0
463.0 169.0 10.0
613.0 316.0 163.0
152.0 144.0 146.0
926.0 840.0 58.0
614.0 224.0 232.0
652.0 707.0 230.0
144.0 390.0 283.0
769.0 937.0 149.0
970.0 683.0 229.0
915.0 211.0 245.0
76.0 843.0 136.0
279.0 948.0 111.0
596.0 575.0 30.0
985.0 489.0 92.0
827.0 491.0 74.0
856.0 557.0 16.0
194.0 8.0 60.0
564.0 607.0 22.0
603.0 669.0 183.0
505.0 303.0 3.0
724.0 667.0 52.0
206.0 75.0 181.0
825.0 227.0 279.0
139.0 200.0 110.0
870.0 598.0 168.0
208.0 685.0 246.0
842.0 202.0 195.0
888.0 339.0 151.0
347.0 963.0 15.0
806.0 83.0 197.0
44.0 578.0 112.0
748.0 931.0 92.0
513.0 860.0 12.0
591.0 143.0 117.0
725.0 903.0 275.0
111.0 210.0 58.0
209.0 417.0 116.0
987.0 297.0 147.0
398.0 875.0 295.0
644.0 69.0 216.0
107.0 234.0 13.0
846.0 29.0 202.0
973.0 580.0 214.0
677.0 223.0 196.0
276.0 809.0 125.0
575.0 779.0 59.0
479.0 919.0 55.0
616.0 83.0 124.0
954.0 869.0 11.0
852.0 484.0 218.0
693.0 704.0 169.0
8.0 368.0 166.0
887.0 525.0 216.0
805.0 981.0 294.0
202.0 212.0 54.0
685.0 840.0 63.0
820.0 912.0 116.0
588.0 388.0 280.0
84.0 407.0 99.0
988.0 284.0 175.0
2.0 401.0 45.0
550.0 515.0 232.0
485.0 721.0 131.0
272.0 189.0 158.0
787.0 631.0 47.0
690.0 222.0 273.0
939.0 197.0 102.0
924.0 252.0 153.0
569.0 510.0 68.0
799.0 474.0 1.0
335.0 881.0 106.0
769.0 75.0 286.0
469.0 891.0 254.0
614.0 651.0 152.0
945.0 721.0 272.0
188.0 59.0 144.0
308.0 5.0 266.0
441.0 471.0 207.0
900.0 750.0 81.0
376.0 667.0 194.0
479.0 709.0 181.0
112.0 604.0 160.0
963.0 115.0 282.0
29.0 811.0 7.0
409.0 397.0 131.0
658.0 781.0 33.0
351.0 511.0 38.0
321.0 200.0 177.0
312.0 902.0 57.0
945.0 899.0 29.0
772.0 761.0 144.0
297.0 45.0 128.0
947.0 873.0 262.0
500.0 252.0 80.0
665.0 748.0 63.0
843.0 501.0 28.0
46.0 62.0 257.0
11.0 666.0 183.0
986.0 507.0 111.0
87.0 732.0 142.0
29.0 555.0 80.0
438.0 882.0 94.0
664.0 188.0 251.0
553.0 425.0 4.0
506.0 358.0 23.0
342.0 114.0 291.0
106.0 658.0 136.0
536.0 998.0 184.0
956.0 786.0 183.0
958.0 214.0 178.0
888.0 829.0 294.0
47.0 640.0 161.0
800.0 913.0 106.0
622.0 402.0 104.0
928.0 298.0 280.0
282.0 664.0 33.0
914.0 839.0 120.0
507.0 949.0 210.0
153.0 656.0 25.0
886.0 505.0 181.0
373.0 744.0 1.0
195.0 664.0 177.0
769.0 748.0 243.0
311.0 947.0 236.0
1000.0 661.0 273.0
341.0 437.0 10.0
872.0 362.0 180.0
328.0 985.0 68.0
991.0 530.0 120.0
717.0 438.0 116.0
220.0 224.0 153.0
222.0 894.0 109.0
571.0 524.0 248.0
98.0 944.0 163.0
487.0 764.0 51.0
414.0 827.0 91.0
295.0 676.0 25.0
903.0 53.0 121.0
405.0 996.0 56.0
114.0 414.0 134.0
231.0 704.0 237.0
137.0 840.0 232.0
599.0 851.0 51.0
299.0 461.0 224.0
841.0 444.0 241.0
45.0 732.0 56.0
945.0 621.0 86.0
623.0 979.0 232.0
959.0 554.0 282.0
973.0 127.0 92.0
639.0 641.0 70.0
929.0 335.0 288.0
764.0 137.0 106.0
240.0 444.0 174.0
103.0 34.0 89.0
850.0 340.0 80.0
165.0 611.0 188.0
336.0 942.0 58.0
166.0 290.0 10.0
456.0 661.0 286.0
479.0 580.0 217.0
502.0 793.0 261.0
820.0 586.0 240.0
156.0 847.0 248.0
697.0 577.0 210.0
704.0 950.0 35.0
127.0 119.0 73.0
990.0 776.0 207.0
69.0 397.0 8.0
207.0 448.0 286.0
605.0 309.0 102.0
100.0 217.0 73.0
82.0 327.0 65.0
323.0 769.0 77.0
686.0 520.0 189.0
583.0 584.0 145.0
260.0 830.0 49.0
540.0 921.0 61.0
500.0 992.0 165.0
986.0 836.0 90.0
526.0 291.0 116.0
65.0 844.0 34.0
442.0 892.0 181.0
543.0 796.0 134.0
135.0 98.0 47.0
880.0 687.0 249.0
584.0 852.0 219.0
795.0 931.0 43.0
444.0 847.0 35.0
646.0 401.0 220.0
139.0 68.0 203.0
466.0 942.0 112.0
992.0 537.0 216.0
321.0 962.0 11.0
719.0 877.0 219.0
472.0 209.0 172.0
557.0 585.0 139.0
41.0 406.0 78.0
201.0 905.0 223.0
598.0 347.0 165.0
999.0 20.0 103.0
738.0 622.0 9.0
522.0 148.0 228.0
828.0 804.0 176.0
830.0 574.0 259.0
136.0 666.0 148.0
687.0 968.0 16.0
401.0 562.0 103.0
543.0 410.0 27.0
104.0 87.0 261.0
761.0 684.0 202.0
554.0 611.0 154.0
775.0 987.0 296.0
940.0 479.0 23.0
497.0 496.0 73.0
448.0 943.0 174.0
434.0 23.0 246.0
980.0 154.0 229.0
654.0 634.0 190.0
84.0 356.0 148.0
898.0 728.0 150.0
899.0 485.0 144.0
936.0 84.0 295.0
6.0 361.0 38.0
356.0 372.0 190.0
367.0 90.0 292.0
768.0 872.0 114.0
312.0 993.0 70.0
321.0 905.0 41.0
136.0 623.0 228.0
954.0 763.0 281.0
946.0 240.0 21.0
222.0 664.0 162.0
340.0 491.0 258.0
505.0 296.0 119.0
401.0 259.0 43.0
855.0 299.0 268.0
666.0 346.0 280.0
668.0 410.0 22.0
832.0 407.0 138.0
346.0 819.0 249.0
177.0 700.0 143.0
371.0 394.0 218.0
194.0 488.0 121.0
42.0 172.0 71.0
905.0 485.0 93.0
998.0 677.0 191.0
328.0 448.0 181.0
560.0 987.0 205.0
877.0 791.0 211.0
502.0 892.0 87.0
952.0 12.0 165.0
959.0 60.0 145.0
10.0 439.0 67.0
516.0 863.0 123.0
278.0 559.0 54.0
704.0 821.0 237.0
290.0 422.0 22.0
162.0 527.0 246.0
434.0 747.0 167.0
804.0 398.0 3.0
890.0 561.0 288.0
829.0 429.0 219.0
91.0 79.0 243.0
124.0 997.0 55.0
261.0 63.0 152.0
172.0 276.0 288.0
558.0 809.0 175.0
531.0 125.0 227.0
920.0 925.0 253.0
109.0 65.0 205.0
301.0 196.0 267.0
87.0 734.0 163.0
493.0 389.0 234.0
493.0 574.0 289.0
132.0 229.0 254.0
86.0 611.0 78.0
674.0 852.0 204.0
597.0 520.0 130.0
416.0 523.0 194.0
267.0 299.0 185.0
47.0 853.0 126.0
420.0 349.0 34.0
420.0 130.0 82.0
992.0 556.0 42.0
248.0 857.0 54.0
166.0 607.0 119.0
435.0 517.0 249.0
701.0 750.0 161.0
681.0 738.0 73.0
107.0 927.0 242.0
516.0 947.0 249.0
336.0 707.0 227.0
961.0 920.0 290.0
297.0 82.0 291.0
649.0 956.0 176.0
867.0 419.0 51.0
435.0 186.0 269.0
390.0 109.0 288.0
788.0 523.0 262.0
416.0 530.0 193.0
511.0 234.0 97.0
48.0 314.0 264.0
603.0 933.0 75.0
790.0 864.0 246.0
178.0 7.0 11.0
107.0 992.0 32.0
882.0 181.0 210.0
593.0 202.0 187.0
880.0 828.0 203.0
856.0 947.0 103.0
328.0 88.0 56.0
321.0 303.0 277.0
18.0 283.0 266.0
409.0 325.0 71.0
39.0 106.0 66.0
105.0 545.0 282.0
560.0 716.0 200.0
269.0 981.0 198.0
233.0 38.0 290.0
5.0 771.0 135.0
790.0 44.0 176.0
745.0 479.0 191.0
705.0 632.0 160.0
891.0 776.0 247.0
895.0 485.0 55.0
937.0 945.0 12.0
258.0 228.0 140.0
174.0 486.0 74.0
23.0 549.0 93.0
510.0 319.0 265.0
700.0 267.0 210.0
685.0 185.0 50.0
610.0 466.0 187.0
464.0 114.0 145.0
176.0 656.0 168.0
178.0 189.0 174.0
102.0 944.0 42.0
557.0 554.0 244.0
428.0 548.0 10.0
920.0 126.0 85.0
828.0 883.0 159.0
949.0 944.0 102.0
148.0 196.0 216.0
905.0 438.0 148.0
532.0 329.0 99.0
42.0 362.0 109.0
879.0 75.0 190.0
213.0 932.0 31.0
136.0 652.0 11.0
315.0 150.0 204.0
923.0 481.0 171.0
987.0 107.0 236.0
507.0 503.0 61.0
320.0 355.0 102.0
425.0 297.0 68.0
461.0 620.0 1.0
504.0 719.0 1.0
759.0 133.0 183.0
283.0 560.0 39.0
351.0 591.0 234.0
201.0 930.0 288.0
853.0 188.0 198.0
637.0 902.0 66.0
818.0 532.0 71.0
131.0 84.0 219.0
925.0 664.0 88.0
622.0 792.0 130.0
15.0 456.0 31.0
480.0 685.0 44.0
345.0 374.0 172.0
646.0 901.0 207.0
95.0 244.0 245.0
500.0 930.0 171.0
617.0 33.0 33.0
763.0 702.0 223.0
275.0 535.0 50.0
959.0 421.0 136.0
569.0 112.0 252.0
772.0 740.0 246.0
346.0 407.0 20.0
229.0 497.0 247.0
167.0 72.0 129.0
401.0 748.0 136.0
702.0 712.0 59.0
585.0 623.0 78.0
603.0 192.0 17.0
429.0 30.0 223.0
675.0 356.0 81.0
507.0 604.0 251.0
784.0 758.0 236.0
780.0 225.0 123.0
579.0 894.0 229.0
198.0 694.0 284.0
439.0 269.0 119.0
542.0 741.0 4.0
537.0 624.0 88.0
185.0 979.0 38.0
471.0 315.0 136.0
482.0 772.0 124.0
699.0 916.0 109.0
723.0 623.0 279.0
178.0 92.0 186.0
991.0 945.0 34.0
69.0 741.0 277.0
816.0 794.0 256.0
367.0 3.0 212.0
450.0 183.0 274.0
664.0 374.0 119.0
957.0 297.0 5.0
277.0 465.0 11.0
802.0 448.0 217.0
214.0 909.0 102.0
227.0 50.0 71.0
579.0 33.0 115.0
607.0 511.0 89.0
103.0 631.0 191.0
117.0 698.0 105.0
561.0 27.0 212.0
102.0 905.0 183.0
677.0 464.0 287.0
403.0 732.0 113.0
867.0 278.0 105.0
703.0 648.0 47.0
433.0 495.0 27.0
584.0 543.0 111.0
973.0 138.0 102.0
75.0 248.0 100.0
993.0 212.0 203.0
766.0 872.0 256.0
756.0 731.0 28.0
256.0 882.0 185.0
103.0 315.0 191.0
536.0 120.0 63.0
264.0 446.0 87.0
420.0 530.0 94.0
212.0 27.0 46.0
139.0 925.0 14.0
925.0 879.0 161.0
708.0 110.0 155.0
438.0 488.0 40.0
392.0 375.0 164.0
97.0 934.0 260.0
