Start 806.0 500 500
150.0 306.0 592.0
435.0 325.0 260.0
15.0 273.0 60.0
173.0 302.0 270.0
1.0 170.0 799.0
126.0 22.0 131.0
120.0 386.0 323.0
32.0 393.0 119.0
468.0 138.0 297.0
448.0 447.0 621.0
372.0 447.0 598.0
329.0 428.0 593.0
30.0 366.0 340.0
456.0 372.0 579.0
247.0 469.0 75.0
34.0 355.0 636.0
213.0 280.0 328.0
412.0 6.0 431.0
327.0 482.0 44.0
166.0 299.0 41.0
165.0 188.0 146.0
69.0 439.0 341.0
224.0 490.0 685.0
319.0 68.0 126.0
100.0 284.0 171.0
17.0 202.0 482.0
160.0 137.0 667.0
36.0 419.0 549.0
334.0 98.0 365.0
16.0 298.0 582.0
304.0 416.0 333.0
306.0 115.0 173.0
499.0 71.0 374.0
382.0 409.0 312.0
452.0 287.0 103.0
295.0 12.0 710.0
336.0 366.0 49.0
136.0 227.0 400.0
302.0 460.0 508.0
460.0 268.0 230.0
60.0 124.0 644.0
197.0 420.0 724.0
306.0 93.0 655.0
492.0 215.0 315.0
289.0 267.0 771.0
19.0 194.0 354.0
442.0 27.0 611.0
57.0 482.0 272.0
386.0 41.0 139.0
153.0 205.0 806.0
207.0 121.0 702.0
42.0 127.0 532.0
251.0 306.0 517.0
249.0 233.0 716.0
203.0 111.0 591.0
41.0 321.0 658.0
173.0 193.0 580.0
85.0 62.0 219.0
387.0 315.0 131.0
492.0 500.0 267.0
279.0 9.0 798.0
222.0 365.0 54.0
315.0 342.0 494.0
382.0 396.0 196.0
395.0 325.0 162.0
418.0 148.0 779.0
150.0 324.0 362.0
104.0 481.0 691.0
282.0 466.0 114.0
400.0 397.0 779.0
185.0 5.0 576.0
477.0 36.0 122.0
207.0 101.0 258.0
116.0 23.0 746.0
253.0 332.0 666.0
125.0 423.0 351.0
177.0 401.0 310.0
26.0 23.0 266.0
159.0 494.0 149.0
279.0 30.0 93.0
384.0 187.0 388.0
453.0 449.0 444.0
51.0 143.0 744.0
219.0 428.0 517.0
475.0 205.0 195.0
451.0 292.0 354.0
149.0 258.0 801.0
433.0 417.0 723.0
234.0 117.0 646.0
72.0 322.0 131.0
270.0 424.0 408.0
161.0 400.0 339.0
24.0 466.0 136.0
308.0 124.0 558.0
278.0 461.0 489.0
344.0 401.0 10.0
27.0 285.0 339.0
386.0 231.0 273.0
346.0 110.0 279.0
44.0 8.0 274.0
311.0 176.0 450.0
449.0 192.0 136.0
317.0 165.0 667.0
230.0 122.0 171.0
156.0 58.0 350.0
45.0 266.0 62.0
439.0 106.0 380.0
340.0 94.0 205.0
295.0 399.0 793.0
146.0 100.0 525.0
337.0 2.0 450.0
316.0 114.0 543.0
312.0 109.0 798.0
285.0 329.0 689.0
343.0 64.0 144.0
306.0 175.0 635.0
417.0 330.0 697.0
192.0 414.0 665.0
76.0 398.0 376.0
475.0 419.0 755.0
123.0 211.0 307.0
98.0 317.0 771.0
120.0 112.0 345.0
338.0 326.0 221.0
8.0 280.0 793.0
175.0 247.0 494.0
208.0 57.0 664.0
233.0 462.0 673.0
318.0 334.0 133.0
327.0 174.0 503.0
427.0 49.0 391.0
11.0 334.0 64.0
2.0 268.0 444.0
308.0 185.0 695.0
264.0 30.0 792.0
176.0 377.0 792.0
96.0 50.0 518.0
364.0 433.0 722.0
144.0 151.0 755.0
149.0 171.0 352.0
414.0 6.0 587.0
328.0 13.0 686.0
129.0 327.0 216.0
441.0 156.0 457.0
15.0 332.0 192.0
282.0 13.0 167.0
495.0 349.0 360.0
434.0 427.0 167.0
245.0 198.0 662.0
101.0 285.0 265.0
136.0 127.0 214.0
75.0 62.0 398.0
328.0 492.0 487.0
358.0 110.0 87.0
27.0 162.0 711.0
124.0 482.0 178.0
28.0 207.0 448.0
211.0 433.0 40.0
413.0 316.0 597.0
195.0 417.0 116.0
342.0 111.0 395.0
66.0 223.0 543.0
397.0 411.0 536.0
153.0 334.0 77.0
408.0 246.0 102.0
395.0 218.0 14.0
261.0 159.0 575.0
471.0 469.0 229.0
474.0 444.0 569.0
221.0 396.0 365.0
66.0 337.0 398.0
435.0 95.0 547.0
250.0 394.0 770.0
366.0 466.0 742.0
469.0 60.0 326.0
131.0 188.0 733.0
309.0 410.0 582.0
130.0 457.0 40.0
118.0 401.0 623.0
376.0 327.0 433.0
398.0 370.0 272.0
144.0 149.0 352.0
97.0 495.0 63.0
261.0 453.0 23.0
119.0 392.0 580.0
171.0 111.0 537.0
43.0 147.0 335.0
200.0 475.0 96.0
323.0 77.0 335.0
164.0 484.0 334.0
374.0 309.0 802.0
328.0 221.0 552.0
372.0 217.0 127.0
405.0 382.0 169.0
450.0 143.0 679.0
304.0 330.0 415.0
54.0 129.0 126.0
54.0 381.0 94.0
4.0 210.0 3.0
471.0 402.0 598.0
446.0 281.0 117.0
397.0 39.0 641.0
307.0 136.0 268.0
27.0 26.0 763.0
371.0 116.0 220.0
87.0 159.0 2.0
260.0 405.0 400.0
229.0 273.0 150.0
337.0 450.0 165.0
84.0 249.0 592.0
416.0 195.0 73.0
289.0 237.0 337.0
391.0 54.0 217.0
459.0 96.0 611.0
434.0 465.0 586.0
2.0 404.0 13.0
308.0 437.0 171.0
149.0 322.0 283.0
474.0 214.0 511.0
223.0 353.0 113.0
292.0 52.0 34.0
141.0 2.0 442.0
248.0 103.0 606.0
163.0 183.0 768.0
39.0 53.0 469.0
460.0 60.0 176.0
181.0 308.0 320.0
32.0 36.0 537.0
56.0 371.0 588.0
211.0 122.0 560.0
55.0 214.0 374.0
368.0 162.0 428.0
453.0 274.0 3.0
284.0 325.0 524.0
488.0 220.0 522.0
418.0 189.0 706.0
218.0 166.0 589.0
159.0 301.0 205.0
195.0 99.0 402.0
227.0 58.0 257.0
46.0 261.0 241.0
105.0 67.0 434.0
208.0 22.0 90.0
75.0 489.0 167.0
252.0 333.0 70.0
329.0 483.0 163.0
56.0 481.0 781.0
151.0 393.0 267.0
140.0 52.0 148.0
494.0 209.0 711.0
313.0 486.0 729.0
354.0 264.0 642.0
333.0 11.0 527.0
233.0 212.0 160.0
495.0 492.0 259.0
263.0 333.0 705.0
133.0 280.0 17.0
105.0 356.0 471.0
414.0 144.0 535.0
325.0 120.0 344.0
367.0 397.0 606.0
156.0 467.0 109.0
381.0 460.0 615.0
446.0 485.0 304.0
418.0 417.0 685.0
499.0 473.0 301.0
484.0 171.0 783.0
96.0 349.0 344.0
261.0 181.0 181.0
34.0 247.0 765.0
189.0 458.0 33.0
189.0 450.0 785.0
294.0 129.0 220.0
128.0 275.0 750.0
65.0 364.0 387.0
379.0 261.0 761.0
77.0 13.0 77.0
276.0 475.0 317.0
151.0 181.0 444.0
20.0 137.0 698.0
297.0 489.0 794.0
421.0 198.0 449.0
285.0 93.0 258.0
400.0 238.0 181.0
307.0 53.0 196.0
265.0 414.0 610.0
132.0 357.0 20.0
447.0 404.0 601.0
15.0 405.0 20.0
57.0 450.0 794.0
164.0 252.0 560.0
388.0 398.0 651.0
149.0 263.0 641.0
446.0 387.0 581.0
10.0 11.0 243.0
465.0 250.0 653.0
70.0 235.0 30.0
117.0 269.0 127.0
289.0 332.0 612.0
7.0 405.0 638.0
274.0 258.0 133.0
3.0 258.0 677.0
457.0 49.0 740.0
281.0 412.0 103.0
81.0 209.0 104.0
451.0 133.0 65.0
87.0 395.0 135.0
205.0 83.0 464.0
216.0 102.0 735.0
277.0 214.0 276.0
158.0 216.0 413.0
67.0 308.0 327.0
39.0 384.0 80.0
202.0 295.0 60.0
25.0 332.0 732.0
92.0 100.0 575.0
126.0 133.0 698.0
169.0 52.0 193.0
113.0 150.0 250.0
145.0 447.0 340.0
159.0 489.0 102.0
73.0 141.0 22.0
213.0 412.0 236.0
81.0 146.0 647.0
264.0 452.0 164.0
437.0 268.0 745.0
315.0 347.0 118.0
165.0 2.0 526.0
391.0 142.0 170.0
26.0 500.0 386.0
4.0 272.0 182.0
140.0 116.0 444.0
235.0 398.0 314.0
389.0 388.0 617.0
193.0 488.0 662.0
440.0 394.0 702.0
401.0 52.0 740.0
249.0 137.0 506.0
293.0 107.0 97.0
152.0 465.0 335.0
78.0 407.0 153.0
107.0 109.0 300.0
364.0 206.0 598.0
224.0 356.0 607.0
466.0 432.0 217.0
340.0 329.0 494.0
376.0 442.0 72.0
479.0 2.0 389.0
468.0 317.0 146.0
485.0 418.0 420.0
331.0 4.0 95.0
372.0 71.0 605.0
326.0 485.0 636.0
283.0 492.0 515.0
320.0 12.0 219.0
464.0 45.0 386.0
402.0 281.0 352.0
443.0 21.0 771.0
428.0 126.0 166.0
403.0 89.0 627.0
192.0 441.0 48.0
416.0 9.0 646.0
446.0 378.0 344.0
236.0 445.0 61.0
359.0 79.0 260.0
354.0 497.0 411.0
395.0 357.0 278.0
158.0 379.0 387.0
225.0 253.0 252.0
216.0 487.0 563.0
138.0 54.0 127.0
289.0 151.0 700.0
66.0 265.0 481.0
309.0 256.0 226.0
128.0 322.0 625.0
336.0 473.0 83.0
401.0 195.0 714.0
362.0 328.0 131.0
316.0 13.0 316.0
453.0 87.0 578.0
120.0 167.0 190.0
484.0 472.0 663.0
247.0 466.0 401.0
329.0 305.0 209.0
347.0 199.0 482.0
137.0 107.0 569.0
50.0 117.0 799.0
483.0 246.0 258.0
321.0 441.0 543.0
10.0 311.0 454.0
272.0 76.0 531.0
405.0 439.0 87.0
312.0 434.0 267.0
384.0 379.0 428.0
392.0 77.0 483.0
124.0 31.0 148.0
242.0 448.0 317.0
343.0 382.0 733.0
301.0 257.0 171.0
401.0 60.0 580.0
103.0 223.0 339.0
330.0 169.0 132.0
162.0 232.0 94.0
138.0 495.0 318.0
136.0 391.0 31.0
287.0 478.0 621.0
227.0 479.0 689.0
232.0 170.0 534.0
404.0 27.0 496.0
244.0 10.0 74.0
10.0 18.0 328.0
396.0 267.0 683.0
435.0 245.0 406.0
420.0 292.0 352.0
143.0 356.0 385.0
130.0 81.0 75.0
50.0 371.0 566.0
487.0 36.0 778.0
233.0 154.0 97.0
270.0 60.0 659.0
217.0 165.0 538.0
326.0 414.0 55.0
220.0 11.0 513.0
153.0 447.0 692.0
441.0 170.0 66.0
170.0 244.0 171.0
437.0 175.0 599.0
184.0 289.0 36.0
145.0 140.0 561.0
137.0 44.0 172.0
455.0 473.0 628.0
143.0 143.0 329.0
397.0 88.0 694.0
243.0 177.0 127.0
256.0 76.0 205.0
300.0 467.0 587.0
477.0 353.0 109.0
23.0 495.0 91.0
326.0 174.0 185.0
422.0 482.0 428.0
404.0 135.0 227.0
456.0 406.0 796.0
481.0 465.0 805.0
455.0 138.0 59.0
428.0 248.0 144.0
402.0 147.0 578.0
499.0 248.0 139.0
151.0 354.0 160.0
294.0 391.0 418.0
287.0 301.0 115.0
45.0 224.0 533.0
76.0 272.0 253.0
226.0 9.0 674.0
255.0 190.0 541.0
381.0 470.0 118.0
389.0 499.0 32.0
66.0 305.0 150.0
16.0 218.0 796.0
482.0 328.0 366.0
428.0 130.0 274.0
390.0 227.0 728.0
47.0 72.0 555.0
402.0 274.0 620.0
32.0 264.0 187.0
135.0 209.0 65.0
292.0 348.0 681.0
57.0 86.0 718.0
188.0 281.0 279.0
322.0 177.0 762.0
421.0 214.0 59.0
80.0 430.0 574.0
414.0 306.0 661.0
467.0 251.0 805.0
131.0 104.0 581.0
413.0 181.0 619.0
437.0 14.0 123.0
487.0 262.0 567.0
396.0 196.0 252.0
1.0 84.0 129.0
8.0 336.0 615.0
144.0 131.0 538.0
421.0 46.0 274.0
213.0 35.0 183.0
320.0 86.0 81.0
37.0 273.0 502.0
484.0 199.0 802.0
8.0 482.0 205.0
250.0 115.0 168.0
49.0 99.0 76.0
147.0 457.0 237.0
352.0 134.0 11.0
214.0 310.0 532.0
391.0 282.0 346.0
223.0 152.0 388.0
498.0 331.0 212.0
179.0 49.0 645.0
488.0 333.0 742.0
148.0 327.0 346.0
465.0 74.0 249.0
399.0 147.0 148.0
Start 760.0 500 500
71.0 473.0 418.0
149.0 39.0 533.0
379.0 239.0 247.0
352.0 14.0 268.0
439.0 278.0 556.0
121.0 392.0 115.0
216.0 380.0 507.0
83.0 213.0 325.0
149.0 283.0 524.0
314.0 322.0 248.0
407.0 45.0 241.0
359.0 449.0 239.0
408.0 83.0 242.0
315.0 340.0 529.0
473.0 280.0 417.0
189.0 375.0 216.0
36.0 46.0 473.0
419.0 439.0 55.0
458.0 256.0 35.0
215.0 230.0 492.0
29.0 419.0 585.0
337.0 408.0 37.0
354.0 360.0 121.0
398.0 82.0 461.0
82.0 422.0 140.0
206.0 363.0 539.0
270.0 472.0 103.0
284.0 482.0 577.0
367.0 220.0 110.0
159.0 211.0 439.0
40.0 451.0 310.0
151.0 302.0 599.0
273.0 126.0 554.0
463.0 321.0 90.0
464.0 63.0 204.0
226.0 333.0 224.0
27.0 20.0 210.0
398.0 428.0 572.0
373.0 212.0 714.0
198.0 49.0 590.0
52.0 167.0 644.0
37.0 323.0 131.0
214.0 275.0 191.0
361.0 291.0 462.0
64.0 441.0 349.0
454.0 97.0 608.0
278.0 150.0 554.0
442.0 359.0 313.0
318.0 390.0 77.0
112.0 212.0 363.0
203.0 317.0 44.0
19.0 344.0 334.0
33.0 143.0 574.0
269.0 346.0 2.0
249.0 236.0 311.0
378.0 243.0 460.0
417.0 267.0 637.0
155.0 450.0 618.0
335.0 295.0 150.0
216.0 185.0 325.0
272.0 492.0 473.0
498.0 79.0 28.0
173.0 285.0 252.0
257.0 309.0 492.0
34.0 47.0 257.0
131.0 14.0 233.0
263.0 486.0 6.0
136.0 63.0 243.0
156.0 364.0 543.0
421.0 321.0 47.0
369.0 410.0 418.0
279.0 385.0 84.0
24.0 471.0 625.0
138.0 371.0 508.0
447.0 94.0 533.0
4.0 418.0 16.0
185.0 108.0 38.0
137.0 480.0 369.0
367.0 9.0 151.0
195.0 92.0 93.0
371.0 398.0 90.0
294.0 146.0 20.0
59.0 217.0 195.0
58.0 36.0 626.0
378.0 327.0 701.0
126.0 479.0 445.0
57.0 307.0 749.0
369.0 444.0 735.0
46.0 309.0 754.0
299.0 217.0 149.0
192.0 404.0 378.0
478.0 139.0 349.0
87.0 251.0 170.0
451.0 278.0 322.0
473.0 182.0 576.0
436.0 172.0 235.0
212.0 274.0 323.0
240.0 91.0 316.0
447.0 306.0 726.0
228.0 408.0 646.0
462.0 108.0 48.0
465.0 471.0 563.0
107.0 45.0 275.0
354.0 108.0 370.0
293.0 116.0 286.0
326.0 43.0 664.0
100.0 37.0 257.0
408.0 87.0 494.0
428.0 29.0 653.0
21.0 246.0 573.0
262.0 238.0 191.0
228.0 72.0 501.0
92.0 87.0 602.0
350.0 125.0 443.0
168.0 495.0 540.0
326.0 417.0 745.0
147.0 131.0 215.0
303.0 130.0 43.0
77.0 4.0 434.0
472.0 333.0 594.0
258.0 53.0 686.0
334.0 286.0 307.0
345.0 16.0 548.0
140.0 311.0 733.0
79.0 57.0 544.0
42.0 68.0 29.0
1.0 197.0 513.0
422.0 368.0 504.0
3.0 254.0 52.0
402.0 447.0 220.0
354.0 362.0 354.0
34.0 262.0 708.0
382.0 397.0 101.0
468.0 491.0 394.0
90.0 76.0 224.0
216.0 210.0 456.0
136.0 370.0 556.0
66.0 19.0 30.0
449.0 159.0 623.0
12.0 138.0 317.0
488.0 486.0 412.0
18.0 190.0 399.0
157.0 82.0 620.0
320.0 373.0 255.0
64.0 236.0 156.0
253.0 483.0 111.0
365.0 44.0 266.0
44.0 117.0 250.0
360.0 266.0 309.0
402.0 400.0 300.0
396.0 186.0 299.0
243.0 404.0 255.0
73.0 160.0 285.0
487.0 240.0 394.0
184.0 382.0 88.0
387.0 158.0 678.0
16.0 471.0 516.0
298.0 142.0 495.0
255.0 483.0 649.0
84.0 272.0 479.0
290.0 452.0 424.0
295.0 109.0 124.0
192.0 58.0 746.0
62.0 21.0 200.0
80.0 44.0 283.0
22.0 494.0 232.0
447.0 337.0 467.0
208.0 423.0 545.0
393.0 366.0 47.0
35.0 453.0 86.0
417.0 466.0 190.0
66.0 466.0 696.0
180.0 321.0 606.0
199.0 93.0 420.0
104.0 26.0 48.0
436.0 449.0 207.0
214.0 309.0 163.0
431.0 28.0 132.0
188.0 445.0 554.0
55.0 410.0 127.0
213.0 130.0 679.0
39.0 269.0 19.0
226.0 435.0 109.0
289.0 446.0 508.0
56.0 274.0 678.0
273.0 298.0 222.0
158.0 30.0 429.0
312.0 413.0 374.0
63.0 81.0 215.0
467.0 383.0 31.0
170.0 490.0 61.0
436.0 267.0 403.0
118.0 97.0 633.0
335.0 76.0 462.0
367.0 17.0 322.0
497.0 25.0 357.0
1.0 467.0 729.0
498.0 10.0 404.0
90.0 138.0 366.0
133.0 488.0 647.0
94.0 251.0 187.0
188.0 460.0 376.0
52.0 475.0 663.0
244.0 116.0 367.0
147.0 287.0 586.0
324.0 286.0 445.0
324.0 318.0 202.0
45.0 47.0 300.0
106.0 12.0 389.0
235.0 187.0 112.0
25.0 432.0 31.0
346.0 464.0 435.0
448.0 54.0 67.0
274.0 323.0 598.0
373.0 474.0 115.0
492.0 125.0 287.0
269.0 482.0 744.0
389.0 127.0 400.0
69.0 136.0 693.0
350.0 484.0 22.0
304.0 169.0 239.0
357.0 246.0 592.0
237.0 292.0 486.0
263.0 480.0 532.0
297.0 38.0 127.0
465.0 276.0 550.0
437.0 360.0 627.0
35.0 114.0 469.0
55.0 258.0 110.0
288.0 19.0 574.0
495.0 495.0 566.0
287.0 47.0 150.0
220.0 446.0 659.0
462.0 236.0 37.0
141.0 398.0 22.0
375.0 496.0 413.0
204.0 16.0 541.0
489.0 349.0 595.0
145.0 96.0 687.0
60.0 259.0 506.0
354.0 460.0 714.0
53.0 284.0 300.0
373.0 486.0 292.0
187.0 216.0 417.0
341.0 187.0 33.0
176.0 104.0 127.0
335.0 202.0 606.0
354.0 183.0 509.0
333.0 392.0 636.0
218.0 263.0 537.0
496.0 25.0 416.0
320.0 492.0 558.0
393.0 491.0 352.0
296.0 267.0 209.0
260.0 35.0 36.0
373.0 137.0 272.0
129.0 234.0 85.0
74.0 150.0 442.0
188.0 103.0 174.0
340.0 320.0 756.0
414.0 371.0 642.0
179.0 119.0 389.0
109.0 489.0 754.0
121.0 150.0 609.0
86.0 50.0 349.0
97.0 299.0 267.0
440.0 449.0 275.0
315.0 224.0 145.0
288.0 115.0 669.0
404.0 431.0 284.0
63.0 155.0 20.0
403.0 194.0 446.0
158.0 484.0 39.0
37.0 435.0 121.0
232.0 43.0 211.0
405.0 369.0 322.0
321.0 494.0 569.0
497.0 88.0 588.0
14.0 373.0 150.0
470.0 269.0 507.0
130.0 346.0 159.0
469.0 171.0 671.0
337.0 282.0 172.0
108.0 419.0 15.0
327.0 190.0 642.0
228.0 191.0 44.0
227.0 8.0 28.0
477.0 49.0 547.0
256.0 367.0 512.0
39.0 369.0 703.0
336.0 188.0 622.0
124.0 174.0 98.0
448.0 439.0 367.0
347.0 314.0 312.0
376.0 241.0 638.0
25.0 405.0 379.0
343.0 352.0 5.0
86.0 354.0 158.0
35.0 276.0 197.0
428.0 96.0 19.0
51.0 396.0 531.0
297.0 192.0 435.0
432.0 327.0 652.0
202.0 268.0 707.0
471.0 53.0 698.0
455.0 69.0 696.0
118.0 336.0 321.0
273.0 18.0 376.0
209.0 386.0 445.0
491.0 285.0 46.0
63.0 378.0 83.0
127.0 388.0 729.0
117.0 242.0 388.0
437.0 421.0 610.0
487.0 8.0 113.0
461.0 397.0 716.0
340.0 328.0 600.0
421.0 237.0 243.0
308.0 343.0 600.0
192.0 220.0 278.0
137.0 79.0 574.0
392.0 161.0 80.0
358.0 133.0 241.0
353.0 148.0 49.0
274.0 217.0 63.0
475.0 426.0 375.0
400.0 18.0 369.0
237.0 237.0 64.0
117.0 478.0 530.0
248.0 288.0 305.0
325.0 20.0 430.0
201.0 179.0 175.0
69.0 212.0 120.0
440.0 376.0 564.0
270.0 2.0 501.0
96.0 131.0 562.0
285.0 323.0 149.0
177.0 80.0 717.0
205.0 362.0 547.0
33.0 401.0 705.0
89.0 477.0 43.0
335.0 464.0 228.0
354.0 169.0 87.0
23.0 481.0 309.0
275.0 500.0 151.0
390.0 495.0 220.0
128.0 181.0 220.0
417.0 108.0 687.0
430.0 48.0 658.0
313.0 472.0 529.0
482.0 340.0 319.0
172.0 84.0 651.0
152.0 337.0 641.0
114.0 278.0 215.0
442.0 308.0 471.0
81.0 215.0 668.0
439.0 144.0 466.0
4.0 135.0 626.0
220.0 466.0 378.0
378.0 279.0 570.0
260.0 159.0 696.0
428.0 284.0 537.0
132.0 500.0 403.0
485.0 26.0 700.0
173.0 439.0 361.0
299.0 1.0 612.0
204.0 253.0 632.0
186.0 215.0 425.0
47.0 316.0 332.0
274.0 99.0 110.0
87.0 466.0 403.0
41.0 272.0 688.0
297.0 455.0 565.0
198.0 6.0 620.0
71.0 298.0 24.0
117.0 129.0 151.0
176.0 138.0 302.0
79.0 212.0 667.0
153.0 160.0 738.0
351.0 315.0 473.0
6.0 355.0 125.0
470.0 323.0 238.0
285.0 415.0 539.0
354.0 359.0 456.0
324.0 418.0 716.0
51.0 77.0 659.0
62.0 338.0 521.0
406.0 33.0 347.0
222.0 37.0 439.0
499.0 141.0 265.0
218.0 462.0 658.0
111.0 389.0 572.0
238.0 126.0 376.0
318.0 63.0 106.0
434.0 17.0 4.0
351.0 26.0 546.0
416.0 68.0 758.0
314.0 185.0 692.0
25.0 105.0 212.0
96.0 397.0 713.0
196.0 218.0 489.0
252.0 390.0 84.0
174.0 62.0 150.0
32.0 399.0 18.0
38.0 95.0 406.0
417.0 378.0 344.0
427.0 88.0 452.0
97.0 377.0 113.0
179.0 480.0 589.0
377.0 288.0 527.0
214.0 300.0 526.0
156.0 21.0 252.0
158.0 31.0 628.0
178.0 208.0 53.0
186.0 174.0 66.0
345.0 36.0 734.0
171.0 22.0 579.0
456.0 235.0 164.0
186.0 133.0 515.0
48.0 263.0 392.0
63.0 407.0 655.0
147.0 455.0 756.0
149.0 95.0 223.0
426.0 288.0 270.0
134.0 130.0 164.0
409.0 252.0 356.0
223.0 290.0 690.0
84.0 367.0 445.0
153.0 428.0 269.0
296.0 88.0 261.0
378.0 420.0 11.0
165.0 304.0 121.0
325.0 305.0 70.0
405.0 372.0 339.0
199.0 464.0 611.0
14.0 192.0 714.0
126.0 378.0 62.0
308.0 238.0 229.0
7.0 421.0 279.0
484.0 188.0 195.0
252.0 485.0 504.0
37.0 9.0 447.0
390.0 199.0 159.0
35.0 247.0 189.0
59.0 165.0 626.0
158.0 294.0 134.0
86.0 111.0 656.0
421.0 481.0 497.0
186.0 13.0 118.0
160.0 79.0 435.0
103.0 32.0 269.0
61.0 1.0 666.0
120.0 397.0 621.0
376.0 309.0 10.0
297.0 272.0 568.0
53.0 326.0 756.0
285.0 80.0 423.0
63.0 374.0 738.0
490.0 16.0 692.0
291.0 129.0 700.0
255.0 34.0 659.0
462.0 480.0 522.0
75.0 406.0 16.0
262.0 231.0 184.0
473.0 492.0 291.0
296.0 273.0 256.0
365.0 360.0 145.0
292.0 450.0 203.0
355.0 252.0 400.0
99.0 154.0 516.0
241.0 159.0 694.0
348.0 22.0 385.0
411.0 211.0 329.0
78.0 38.0 394.0
487.0 70.0 650.0
436.0 440.0 214.0
488.0 315.0 753.0
407.0 381.0 720.0
440.0 431.0 546.0
156.0 178.0 234.0
433.0 278.0 610.0
360.0 52.0 203.0
371.0 89.0 536.0
161.0 341.0 750.0
444.0 351.0 469.0
104.0 199.0 449.0
258.0 446.0 190.0
491.0 374.0 545.0
32.0 323.0 523.0
212.0 467.0 335.0
334.0 48.0 307.0
145.0 7.0 669.0
443.0 57.0 157.0
77.0 438.0 184.0
30.0 252.0 271.0
230.0 186.0 132.0
37.0 11.0 577.0
361.0 396.0 279.0
107.0 392.0 166.0
108.0 236.0 554.0
Start 973.0 500 500
3.0 234.0 947.0
462.0 177.0 953.0
185.0 114.0 307.0
38.0 463.0 576.0
388.0 60.0 583.0
348.0 89.0 889.0
235.0 62.0 182.0
1.0 493.0 919.0
292.0 153.0 303.0
403.0 416.0 23.0
500.0 215.0 340.0
79.0 192.0 534.0
217.0 74.0 73.0
293.0 79.0 776.0
467.0 421.0 354.0
66.0 345.0 558.0
2.0 419.0 200.0
46.0 347.0 662.0
471.0 464.0 329.0
335.0 427.0 213.0
27.0 365.0 353.0
323.0 221.0 383.0
207.0 345.0 465.0
148.0 487.0 481.0
426.0 144.0 462.0
166.0 342.0 625.0
395.0 257.0 870.0
64.0 204.0 599.0
208.0 333.0 275.0
21.0 295.0 940.0
376.0 144.0 799.0
377.0 275.0 718.0
267.0 86.0 628.0
240.0 7.0 525.0
71.0 196.0 490.0
420.0 441.0 707.0
128.0 149.0 810.0
269.0 438.0 863.0
246.0 246.0 410.0
443.0 391.0 132.0
70.0 208.0 907.0
68.0 354.0 473.0
421.0 428.0 65.0
95.0 133.0 436.0
354.0 295.0 11.0
354.0 161.0 286.0
469.0 71.0 314.0
454.0 126.0 55.0
293.0 153.0 5.0
482.0 86.0 199.0
84.0 153.0 461.0
288.0 475.0 293.0
205.0 119.0 270.0
357.0 409.0 426.0
213.0 222.0 161.0
126.0 448.0 188.0
45.0 218.0 530.0
439.0 488.0 740.0
402.0 15.0 41.0
442.0 299.0 274.0
470.0 281.0 262.0
427.0 425.0 368.0
142.0 48.0 487.0
87.0 50.0 346.0
152.0 25.0 812.0
408.0 2.0 181.0
369.0 255.0 853.0
333.0 322.0 398.0
257.0 101.0 620.0
171.0 340.0 888.0
132.0 251.0 496.0
170.0 203.0 491.0
321.0 211.0 857.0
111.0 209.0 499.0
227.0 88.0 430.0
200.0 317.0 820.0
77.0 456.0 135.0
27.0 5.0 888.0
191.0 316.0 82.0
218.0 316.0 451.0
311.0 96.0 788.0
271.0 50.0 5.0
8.0 427.0 905.0
251.0 473.0 618.0
363.0 484.0 329.0
97.0 224.0 442.0
244.0 202.0 408.0
28.0 302.0 47.0
141.0 393.0 522.0
171.0 267.0 587.0
480.0 170.0 203.0
500.0 301.0 460.0
277.0 489.0 541.0
39.0 172.0 387.0
495.0 330.0 577.0
220.0 404.0 550.0
493.0 184.0 926.0
453.0 146.0 847.0
33.0 434.0 415.0
497.0 89.0 956.0
274.0 50.0 893.0
270.0 392.0 321.0
267.0 42.0 750.0
386.0 314.0 874.0
72.0 455.0 121.0
177.0 280.0 929.0
211.0 183.0 561.0
167.0 36.0 454.0
1.0 486.0 628.0
314.0 413.0 1.0
295.0 315.0 13.0
69.0 1.0 625.0
357.0 176.0 258.0
339.0 198.0 355.0
186.0 391.0 560.0
74.0 301.0 118.0
259.0 432.0 916.0
301.0 127.0 660.0
120.0 167.0 813.0
180.0 333.0 12.0
240.0 471.0 431.0
116.0 322.0 546.0
117.0 448.0 651.0
69.0 352.0 113.0
373.0 418.0 101.0
202.0 225.0 57.0
305.0 288.0 942.0
141.0 145.0 467.0
230.0 110.0 302.0
284.0 348.0 643.0
454.0 182.0 216.0
391.0 104.0 94.0
426.0 463.0 707.0
53.0 77.0 625.0
367.0 68.0 6.0
121.0 102.0 344.0
495.0 113.0 312.0
330.0 258.0 753.0
368.0 468.0 197.0
426.0 472.0 934.0
451.0 322.0 127.0
3.0 93.0 705.0
414.0 319.0 845.0
401.0 264.0 754.0
140.0 460.0 191.0
444.0 326.0 727.0
127.0 46.0 891.0
448.0 90.0 973.0
307.0 156.0 354.0
200.0 230.0 393.0
111.0 112.0 251.0
482.0 418.0 818.0
260.0 440.0 616.0
179.0 59.0 342.0
338.0 257.0 780.0
300.0 63.0 722.0
71.0 2.0 409.0
80.0 397.0 255.0
224.0 267.0 545.0
225.0 378.0 792.0
415.0 370.0 484.0
203.0 182.0 174.0
134.0 84.0 340.0
82.0 259.0 85.0
420.0 70.0 523.0
335.0 196.0 595.0
113.0 174.0 827.0
391.0 49.0 622.0
310.0 6.0 973.0
180.0 377.0 764.0
477.0 456.0 426.0
49.0 255.0 558.0
81.0 497.0 671.0
387.0 2.0 464.0
176.0 239.0 932.0
105.0 190.0 229.0
84.0 77.0 586.0
461.0 125.0 828.0
398.0 429.0 646.0
52.0 185.0 842.0
90.0 316.0 637.0
363.0 45.0 677.0
366.0 368.0 742.0
385.0 446.0 260.0
234.0 49.0 635.0
369.0 104.0 379.0
96.0 493.0 456.0
464.0 376.0 786.0
175.0 53.0 264.0
175.0 281.0 782.0
20.0 41.0 156.0
488.0 331.0 364.0
335.0 290.0 957.0
13.0 248.0 274.0
476.0 329.0 105.0
177.0 252.0 608.0
252.0 434.0 744.0
439.0 445.0 580.0
390.0 141.0 364.0
476.0 463.0 54.0
326.0 490.0 960.0
149.0 179.0 644.0
292.0 34.0 776.0
360.0 142.0 113.0
109.0 361.0 241.0
93.0 318.0 515.0
360.0 341.0 546.0
4.0 7.0 675.0
278.0 262.0 871.0
297.0 353.0 903.0
218.0 397.0 552.0
314.0 237.0 909.0
7.0 420.0 765.0
191.0 369.0 349.0
478.0 457.0 853.0
475.0 362.0 409.0
160.0 16.0 271.0
364.0 387.0 405.0
279.0 471.0 631.0
367.0 66.0 269.0
30.0 297.0 621.0
479.0 41.0 643.0
50.0 323.0 436.0
326.0 298.0 768.0
269.0 308.0 967.0
235.0 161.0 5.0
202.0 286.0 442.0
397.0 486.0 581.0
165.0 130.0 522.0
496.0 96.0 146.0
167.0 349.0 906.0
327.0 340.0 466.0
96.0 475.0 84.0
347.0 407.0 175.0
369.0 207.0 434.0
164.0 327.0 158.0
179.0 427.0 140.0
46.0 40.0 916.0
169.0 65.0 570.0
415.0 347.0 468.0
36.0 26.0 379.0
430.0 133.0 332.0
195.0 16.0 453.0
303.0 414.0 539.0
40.0 318.0 50.0
31.0 281.0 149.0
162.0 65.0 55.0
201.0 331.0 482.0
468.0 352.0 801.0
206.0 346.0 359.0
349.0 477.0 310.0
406.0 356.0 434.0
202.0 23.0 905.0
247.0 315.0 499.0
340.0 395.0 281.0
400.0 216.0 478.0
365.0 460.0 604.0
467.0 162.0 722.0
393.0 225.0 677.0
287.0 104.0 247.0
230.0 63.0 701.0
379.0 319.0 839.0
483.0 67.0 255.0
97.0 339.0 638.0
204.0 62.0 8.0
79.0 27.0 701.0
16.0 464.0 687.0
111.0 377.0 487.0
349.0 334.0 946.0
53.0 206.0 695.0
132.0 475.0 471.0
340.0 129.0 187.0
92.0 460.0 49.0
70.0 384.0 368.0
179.0 87.0 602.0
243.0 240.0 946.0
150.0 328.0 690.0
419.0 276.0 261.0
64.0 144.0 403.0
209.0 34.0 659.0
124.0 316.0 670.0
123.0 261.0 495.0
103.0 449.0 571.0
231.0 169.0 21.0
272.0 370.0 431.0
392.0 255.0 518.0
305.0 365.0 256.0
127.0 367.0 926.0
146.0 492.0 190.0
357.0 359.0 670.0
162.0 143.0 424.0
36.0 131.0 579.0
52.0 403.0 188.0
255.0 121.0 436.0
74.0 364.0 821.0
296.0 390.0 731.0
175.0 309.0 532.0
481.0 371.0 16.0
365.0 266.0 793.0
179.0 287.0 815.0
207.0 444.0 640.0
12.0 246.0 189.0
135.0 319.0 404.0
271.0 72.0 532.0
411.0 147.0 463.0
453.0 367.0 302.0
241.0 296.0 267.0
154.0 65.0 341.0
294.0 486.0 859.0
446.0 15.0 34.0
195.0 141.0 672.0
317.0 82.0 303.0
345.0 487.0 166.0
473.0 207.0 769.0
58.0 280.0 69.0
47.0 493.0 436.0
266.0 227.0 65.0
8.0 185.0 394.0
87.0 51.0 446.0
312.0 193.0 162.0
133.0 90.0 872.0
204.0 84.0 507.0
441.0 229.0 747.0
435.0 261.0 8.0
102.0 145.0 352.0
263.0 410.0 93.0
116.0 148.0 474.0
73.0 423.0 139.0
8.0 123.0 11.0
275.0 405.0 147.0
71.0 170.0 905.0
279.0 161.0 729.0
104.0 58.0 777.0
254.0 449.0 710.0
67.0 235.0 637.0
133.0 334.0 484.0
137.0 214.0 140.0
247.0 361.0 688.0
278.0 483.0 470.0
116.0 148.0 25.0
72.0 421.0 689.0
251.0 203.0 871.0
490.0 343.0 469.0
106.0 63.0 312.0
451.0 477.0 496.0
314.0 140.0 476.0
461.0 246.0 520.0
32.0 379.0 470.0
202.0 268.0 246.0
21.0 383.0 601.0
19.0 486.0 496.0
391.0 254.0 376.0
104.0 238.0 606.0
182.0 387.0 332.0
399.0 451.0 701.0
453.0 247.0 157.0
174.0 302.0 914.0
321.0 191.0 54.0
98.0 333.0 189.0
118.0 224.0 458.0
336.0 272.0 877.0
153.0 124.0 789.0
135.0 62.0 379.0
493.0 27.0 859.0
20.0 262.0 241.0
494.0 61.0 561.0
103.0 63.0 259.0
344.0 269.0 572.0
151.0 2.0 879.0
97.0 463.0 967.0
245.0 43.0 168.0
162.0 374.0 30.0
492.0 353.0 712.0
138.0 95.0 601.0
489.0 359.0 699.0
137.0 204.0 856.0
336.0 246.0 192.0
97.0 99.0 73.0
431.0 64.0 744.0
387.0 61.0 28.0
268.0 108.0 209.0
462.0 494.0 959.0
216.0 54.0 859.0
309.0 296.0 96.0
469.0 207.0 104.0
196.0 147.0 831.0
490.0 262.0 925.0
437.0 441.0 136.0
465.0 209.0 939.0
53.0 376.0 473.0
314.0 122.0 246.0
200.0 411.0 900.0
212.0 26.0 815.0
282.0 71.0 759.0
355.0 32.0 209.0
434.0 264.0 400.0
50.0 392.0 923.0
424.0 9.0 53.0
99.0 292.0 4.0
3.0 313.0 547.0
268.0 361.0 692.0
285.0 17.0 262.0
9.0 449.0 454.0
288.0 94.0 831.0
367.0 219.0 539.0
316.0 122.0 752.0
145.0 218.0 373.0
295.0 169.0 328.0
63.0 67.0 513.0
488.0 41.0 327.0
213.0 67.0 689.0
5.0 203.0 197.0
121.0 79.0 387.0
360.0 65.0 420.0
285.0 243.0 403.0
20.0 451.0 260.0
276.0 160.0 274.0
354.0 307.0 790.0
114.0 440.0 670.0
445.0 435.0 817.0
284.0 465.0 77.0
343.0 229.0 527.0
486.0 426.0 573.0
314.0 47.0 780.0
17.0 424.0 721.0
437.0 480.0 674.0
398.0 359.0 848.0
224.0 161.0 711.0
19.0 131.0 19.0
419.0 248.0 923.0
126.0 130.0 472.0
197.0 1.0 215.0
49.0 76.0 612.0
21.0 158.0 351.0
326.0 397.0 244.0
98.0 87.0 442.0
334.0 421.0 712.0
264.0 147.0 428.0
261.0 96.0 483.0
260.0 472.0 373.0
91.0 92.0 394.0
311.0 297.0 729.0
70.0 10.0 826.0
267.0 268.0 650.0
312.0 141.0 173.0
270.0 202.0 18.0
169.0 30.0 100.0
109.0 62.0 787.0
336.0 387.0 871.0
70.0 240.0 679.0
412.0 44.0 907.0
193.0 342.0 585.0
381.0 494.0 42.0
16.0 430.0 704.0
9.0 398.0 358.0
469.0 359.0 284.0
496.0 164.0 253.0
260.0 48.0 27.0
497.0 132.0 264.0
109.0 103.0 407.0
217.0 222.0 87.0
375.0 232.0 164.0
115.0 201.0 580.0
447.0 97.0 517.0
246.0 407.0 58.0
354.0 492.0 134.0
452.0 82.0 968.0
67.0 152.0 517.0
496.0 202.0 900.0
228.0 341.0 179.0
43.0 166.0 323.0
94.0 22.0 459.0
115.0 66.0 383.0
122.0 151.0 110.0
289.0 1.0 820.0
466.0 13.0 209.0
337.0 409.0 808.0
419.0 354.0 221.0
112.0 388.0 137.0
43.0 131.0 321.0
479.0 162.0 368.0
290.0 234.0 642.0
183.0 4.0 866.0
137.0 201.0 104.0
406.0 234.0 497.0
143.0 267.0 450.0
322.0 101.0 822.0
91.0 104.0 515.0
417.0 115.0 438.0
141.0 326.0 356.0
281.0 490.0 34.0
188.0 378.0 418.0
265.0 317.0 860.0
168.0 11.0 633.0
141.0 360.0 155.0
262.0 358.0 960.0
361.0 264.0 235.0
213.0 395.0 74.0
367.0 94.0 799.0
431.0 322.0 30.0
Start 387.0 500 500
146.0 146.0 260.0
187.0 134.0 221.0
75.0 450.0 362.0
290.0 245.0 37.0
145.0 11.0 307.0
50.0 205.0 250.0
52.0 200.0 270.0
112.0 291.0 242.0
312.0 370.0 371.0
229.0 246.0 187.0
419.0 104.0 35.0
391.0 56.0 335.0
230.0 481.0 263.0
110.0 352.0 333.0
327.0 339.0 134.0
499.0 257.0 377.0
444.0 28.0 361.0
450.0 486.0 311.0
292.0 233.0 39.0
41.0 444.0 276.0
459.0 352.0 174.0
238.0 440.0 166.0
488.0 496.0 214.0
107.0 277.0 77.0
442.0 28.0 186.0
455.0 259.0 246.0
143.0 424.0 255.0
420.0 106.0 269.0
4.0 494.0 54.0
439.0 33.0 104.0
443.0 412.0 157.0
202.0 459.0 307.0
298.0 67.0 258.0
109.0 61.0 139.0
46.0 335.0 384.0
102.0 342.0 83.0
354.0 169.0 276.0
432.0 471.0 35.0
260.0 205.0 226.0
401.0 265.0 212.0
372.0 427.0 360.0
321.0 486.0 225.0
107.0 4.0 75.0
9.0 170.0 252.0
416.0 21.0 315.0
453.0 60.0 16.0
435.0 131.0 360.0
323.0 423.0 342.0
145.0 219.0 353.0
56.0 165.0 301.0
340.0 109.0 252.0
40.0 262.0 84.0
459.0 463.0 35.0
227.0 44.0 139.0
91.0 472.0 299.0
306.0 58.0 68.0
90.0 138.0 241.0
98.0 239.0 256.0
332.0 170.0 252.0
308.0 413.0 321.0
351.0 340.0 174.0
440.0 239.0 292.0
205.0 321.0 243.0
433.0 94.0 175.0
421.0 402.0 355.0
225.0 33.0 192.0
103.0 273.0 163.0
53.0 412.0 34.0
163.0 357.0 318.0
188.0 347.0 112.0
111.0 169.0 76.0
247.0 92.0 80.0
109.0 198.0 200.0
73.0 294.0 335.0
209.0 27.0 44.0
404.0 295.0 241.0
354.0 396.0 106.0
479.0 90.0 375.0
128.0 326.0 310.0
141.0 317.0 80.0
182.0 66.0 379.0
90.0 417.0 251.0
262.0 113.0 213.0
310.0 89.0 167.0
344.0 482.0 216.0
23.0 426.0 132.0
289.0 334.0 261.0
67.0 461.0 203.0
441.0 282.0 162.0
114.0 242.0 64.0
155.0 372.0 277.0
75.0 272.0 370.0
441.0 253.0 174.0
135.0 233.0 299.0
295.0 134.0 289.0
284.0 65.0 72.0
363.0 420.0 334.0
227.0 133.0 307.0
420.0 45.0 118.0
56.0 313.0 377.0
190.0 447.0 177.0
236.0 483.0 99.0
409.0 419.0 319.0
44.0 296.0 60.0
73.0 414.0 196.0
163.0 152.0 193.0
251.0 355.0 322.0
201.0 280.0 255.0
351.0 19.0 281.0
22.0 34.0 335.0
161.0 175.0 125.0
202.0 402.0 218.0
410.0 48.0 121.0
179.0 291.0 22.0
384.0 305.0 39.0
256.0 108.0 107.0
327.0 145.0 103.0
37.0 313.0 92.0
338.0 87.0 379.0
368.0 238.0 147.0
205.0 438.0 264.0
412.0 320.0 370.0
101.0 127.0 14.0
61.0 270.0 168.0
498.0 477.0 311.0
483.0 269.0 271.0
366.0 65.0 52.0
362.0 421.0 368.0
62.0 187.0 52.0
381.0 482.0 83.0
300.0 2.0 67.0
3.0 214.0 325.0
30.0 153.0 331.0
234.0 122.0 358.0
330.0 325.0 211.0
335.0 282.0 37.0
500.0 29.0 103.0
411.0 327.0 244.0
172.0 240.0 129.0
301.0 27.0 370.0
370.0 183.0 350.0
146.0 35.0 72.0
465.0 19.0 339.0
59.0 410.0 265.0
4.0 396.0 143.0
387.0 161.0 72.0
137.0 292.0 94.0
457.0 461.0 23.0
246.0 463.0 270.0
381.0 479.0 262.0
128.0 106.0 81.0
3.0 208.0 351.0
89.0 468.0 204.0
358.0 177.0 246.0
367.0 32.0 59.0
280.0 30.0 213.0
125.0 276.0 23.0
89.0 182.0 161.0
333.0 203.0 126.0
457.0 500.0 236.0
167.0 385.0 17.0
158.0 471.0 184.0
278.0 424.0 275.0
61.0 53.0 210.0
203.0 305.0 313.0
409.0 161.0 256.0
102.0 362.0 220.0
57.0 374.0 180.0
92.0 450.0 204.0
316.0 259.0 321.0
71.0 269.0 239.0
83.0 109.0 15.0
136.0 248.0 223.0
384.0 1.0 375.0
476.0 264.0 187.0
226.0 36.0 321.0
401.0 233.0 386.0
155.0 272.0 1.0
464.0 400.0 338.0
273.0 27.0 115.0
327.0 310.0 256.0
10.0 119.0 83.0
176.0 14.0 251.0
144.0 112.0 206.0
391.0 162.0 315.0
122.0 372.0 257.0
428.0 266.0 225.0
429.0 135.0 53.0
229.0 430.0 95.0
254.0 419.0 98.0
18.0 295.0 125.0
3.0 433.0 378.0
291.0 266.0 121.0
488.0 116.0 353.0
341.0 11.0 257.0
88.0 123.0 107.0
238.0 252.0 207.0
12.0 341.0 18.0
307.0 303.0 315.0
411.0 476.0 115.0
421.0 392.0 170.0
214.0 82.0 296.0
97.0 264.0 363.0
225.0 9.0 6.0
373.0 444.0 282.0
100.0 455.0 158.0
95.0 477.0 287.0
453.0 256.0 172.0
356.0 330.0 306.0
371.0 413.0 291.0
360.0 481.0 154.0
72.0 317.0 306.0
73.0 140.0 320.0
494.0 345.0 276.0
240.0 186.0 221.0
20.0 91.0 163.0
217.0 406.0 313.0
152.0 146.0 252.0
233.0 296.0 267.0
28.0 186.0 175.0
65.0 356.0 263.0
151.0 192.0 90.0
423.0 157.0 40.0
165.0 279.0 43.0
381.0 220.0 22.0
136.0 49.0 237.0
283.0 493.0 21.0
179.0 281.0 109.0
371.0 388.0 323.0
402.0 56.0 348.0
315.0 33.0 299.0
358.0 363.0 125.0
466.0 358.0 334.0
64.0 260.0 53.0
453.0 296.0 117.0
152.0 490.0 35.0
162.0 309.0 14.0
477.0 498.0 271.0
277.0 107.0 372.0
129.0 275.0 28.0
134.0 498.0 271.0
54.0 207.0 266.0
38.0 329.0 215.0
89.0 495.0 367.0
286.0 327.0 182.0
407.0 317.0 2.0
62.0 379.0 272.0
228.0 283.0 79.0
328.0 472.0 39.0
271.0 376.0 356.0
21.0 209.0 315.0
179.0 478.0 127.0
411.0 353.0 24.0
127.0 265.0 192.0
134.0 210.0 159.0
59.0 281.0 326.0
221.0 477.0 11.0
207.0 121.0 293.0
182.0 371.0 232.0
327.0 287.0 296.0
374.0 305.0 180.0
253.0 290.0 207.0
333.0 490.0 226.0
240.0 93.0 122.0
261.0 245.0 355.0
354.0 350.0 326.0
26.0 333.0 87.0
115.0 83.0 120.0
425.0 246.0 214.0
130.0 405.0 47.0
240.0 335.0 226.0
304.0 94.0 207.0
321.0 94.0 344.0
175.0 40.0 33.0
215.0 239.0 181.0
401.0 30.0 130.0
198.0 124.0 192.0
354.0 485.0 302.0
233.0 480.0 364.0
167.0 51.0 367.0
105.0 437.0 305.0
394.0 150.0 120.0
270.0 168.0 250.0
454.0 308.0 207.0
359.0 470.0 306.0
124.0 354.0 14.0
334.0 137.0 306.0
88.0 247.0 220.0
57.0 433.0 32.0
274.0 137.0 101.0
498.0 277.0 156.0
221.0 262.0 46.0
7.0 68.0 308.0
384.0 181.0 118.0
85.0 233.0 151.0
23.0 47.0 267.0
180.0 73.0 300.0
144.0 399.0 163.0
151.0 4.0 280.0
384.0 207.0 224.0
31.0 204.0 258.0
344.0 340.0 140.0
298.0 44.0 317.0
349.0 207.0 123.0
258.0 159.0 327.0
99.0 105.0 177.0
25.0 178.0 370.0
37.0 467.0 201.0
241.0 260.0 273.0
107.0 472.0 285.0
188.0 390.0 122.0
92.0 333.0 150.0
141.0 227.0 340.0
384.0 475.0 88.0
264.0 496.0 326.0
402.0 403.0 164.0
241.0 9.0 210.0
234.0 158.0 248.0
461.0 170.0 331.0
406.0 60.0 112.0
343.0 92.0 358.0
131.0 217.0 239.0
301.0 462.0 346.0
161.0 273.0 134.0
99.0 119.0 265.0
213.0 208.0 137.0
119.0 132.0 358.0
174.0 92.0 141.0
342.0 338.0 273.0
215.0 452.0 278.0
486.0 498.0 222.0
73.0 408.0 353.0
36.0 487.0 116.0
433.0 204.0 46.0
327.0 417.0 221.0
224.0 419.0 100.0
105.0 183.0 284.0
145.0 70.0 25.0
63.0 85.0 39.0
205.0 322.0 47.0
440.0 147.0 116.0
379.0 66.0 378.0
321.0 27.0 85.0
299.0 121.0 150.0
463.0 283.0 379.0
17.0 98.0 366.0
288.0 378.0 354.0
192.0 472.0 311.0
174.0 137.0 40.0
371.0 21.0 45.0
472.0 499.0 322.0
8.0 310.0 350.0
117.0 146.0 34.0
174.0 280.0 14.0
122.0 410.0 5.0
102.0 45.0 296.0
246.0 304.0 243.0
344.0 2.0 253.0
236.0 182.0 136.0
148.0 367.0 328.0
143.0 496.0 145.0
361.0 199.0 322.0
24.0 83.0 306.0
92.0 230.0 367.0
36.0 189.0 143.0
237.0 101.0 357.0
345.0 158.0 223.0
388.0 292.0 171.0
30.0 485.0 7.0
283.0 379.0 251.0
40.0 299.0 23.0
148.0 111.0 54.0
420.0 225.0 255.0
215.0 347.0 255.0
226.0 450.0 336.0
437.0 60.0 267.0
375.0 350.0 78.0
82.0 462.0 65.0
451.0 197.0 129.0
365.0 388.0 29.0
231.0 137.0 171.0
72.0 203.0 287.0
248.0 304.0 125.0
445.0 49.0 282.0
3.0 172.0 66.0
400.0 150.0 305.0
428.0 76.0 249.0
320.0 294.0 368.0
140.0 22.0 53.0
272.0 281.0 107.0
40.0 446.0 140.0
16.0 203.0 231.0
409.0 66.0 151.0
298.0 232.0 104.0
225.0 244.0 157.0
217.0 200.0 269.0
154.0 249.0 185.0
224.0 428.0 85.0
225.0 341.0 319.0
320.0 215.0 144.0
19.0 228.0 115.0
447.0 169.0 162.0
80.0 107.0 46.0
123.0 495.0 202.0
53.0 423.0 136.0
15.0 440.0 346.0
64.0 117.0 6.0
434.0 171.0 338.0
421.0 402.0 134.0
103.0 286.0 318.0
127.0 486.0 358.0
232.0 489.0 236.0
236.0 278.0 14.0
424.0 296.0 378.0
114.0 420.0 139.0
163.0 176.0 120.0
333.0 453.0 121.0
38.0 290.0 323.0
226.0 249.0 118.0
205.0 193.0 358.0
25.0 4.0 153.0
210.0 416.0 349.0
122.0 120.0 202.0
207.0 154.0 238.0
179.0 360.0 38.0
195.0 444.0 152.0
269.0 461.0 170.0
289.0 452.0 211.0
147.0 139.0 338.0
235.0 99.0 280.0
28.0 381.0 75.0
173.0 99.0 150.0
310.0 55.0 170.0
475.0 323.0 119.0
127.0 419.0 5.0
7.0 51.0 380.0
222.0 250.0 150.0
172.0 384.0 341.0
56.0 261.0 359.0
61.0 209.0 225.0
485.0 178.0 121.0
186.0 262.0 47.0
26.0 16.0 185.0
373.0 12.0 149.0
189.0 306.0 175.0
113.0 246.0 163.0
486.0 118.0 255.0
468.0 442.0 170.0
395.0 431.0 362.0
305.0 166.0 269.0
284.0 35.0 33.0
179.0 449.0 238.0
268.0 215.0 51.0
51.0 117.0 235.0
361.0 227.0 330.0
378.0 166.0 121.0
111.0 337.0 240.0
338.0 36.0 35.0
446.0 93.0 65.0
41.0 461.0 206.0
144.0 164.0 252.0
344.0 385.0 381.0
470.0 132.0 148.0
51.0 194.0 123.0
463.0 348.0 354.0
179.0 133.0 173.0
488.0 70.0 185.0
27.0 172.0 28.0
209.0 9.0 292.0
349.0 135.0 127.0
98.0 394.0 232.0
112.0 134.0 387.0
6.0 353.0 301.0
490.0 387.0 335.0
390.0 495.0 241.0
283.0 142.0 336.0
310.0 74.0 68.0
97.0 16.0 13.0
146.0 14.0 67.0
112.0 85.0 177.0
313.0 277.0 280.0
277.0 224.0 214.0
486.0 479.0 321.0
236.0 21.0 203.0
69.0 380.0 299.0
448.0 241.0 340.0
356.0 426.0 263.0
413.0 363.0 227.0
9.0 85.0 64.0
410.0 162.0 275.0
154.0 407.0 235.0
43.0 418.0 323.0
497.0 405.0 76.0
346.0 382.0 87.0
499.0 107.0 15.0
412.0 38.0 153.0
39.0 118.0 165.0
29.0 102.0 354.0
494.0 244.0 29.0
114.0 90.0 193.0
Start 422.0 500 500
134.0 80.0 309.0
189.0 37.0 3.0
437.0 107.0 181.0
212.0 294.0 270.0
328.0 57.0 277.0
414.0 495.0 263.0
405.0 479.0 108.0
194.0 68.0 176.0
277.0 338.0 347.0
359.0 291.0 116.0
106.0 428.0 11.0
84.0 396.0 34.0
92.0 427.0 338.0
5.0 315.0 261.0
293.0 286.0 97.0
453.0 350.0 240.0
137.0 412.0 16.0
236.0 448.0 403.0
460.0 367.0 32.0
462.0 94.0 409.0
424.0 282.0 343.0
195.0 117.0 34.0
215.0 141.0 235.0
216.0 267.0 232.0
268.0 452.0 313.0
107.0 217.0 9.0
329.0 90.0 77.0
23.0 215.0 350.0
13.0 376.0 403.0
365.0 365.0 244.0
26.0 121.0 324.0
25.0 345.0 406.0
160.0 34.0 187.0
333.0 2.0 311.0
471.0 438.0 218.0
244.0 20.0 112.0
151.0 279.0 324.0
431.0 190.0 150.0
457.0 212.0 111.0
419.0 138.0 156.0
330.0 375.0 76.0
232.0 178.0 246.0
432.0 350.0 75.0
45.0 365.0 412.0
230.0 244.0 98.0
372.0 402.0 354.0
226.0 116.0 72.0
332.0 459.0 319.0
312.0 255.0 152.0
197.0 17.0 39.0
218.0 240.0 63.0
310.0 161.0 197.0
138.0 32.0 138.0
113.0 353.0 214.0
145.0 102.0 287.0
67.0 311.0 307.0
173.0 57.0 101.0
211.0 347.0 153.0
299.0 422.0 385.0
94.0 105.0 188.0
455.0 431.0 332.0
233.0 45.0 208.0
75.0 302.0 205.0
454.0 313.0 77.0
306.0 472.0 200.0
18.0 97.0 59.0
115.0 282.0 387.0
416.0 263.0 90.0
55.0 317.0 54.0
62.0 457.0 207.0
172.0 460.0 75.0
428.0 500.0 125.0
360.0 43.0 183.0
321.0 64.0 314.0
358.0 10.0 190.0
204.0 237.0 230.0
249.0 247.0 97.0
378.0 232.0 340.0
48.0 269.0 313.0
376.0 60.0 5.0
322.0 335.0 86.0
54.0 330.0 121.0
428.0 359.0 255.0
49.0 245.0 373.0
327.0 193.0 19.0
17.0 458.0 275.0
38.0 66.0 218.0
246.0 128.0 174.0
361.0 159.0 194.0
330.0 387.0 365.0
95.0 1.0 154.0
65.0 84.0 345.0
403.0 140.0 110.0
366.0 431.0 1.0
425.0 273.0 98.0
13.0 446.0 276.0
194.0 390.0 277.0
358.0 148.0 313.0
33.0 180.0 31.0
272.0 79.0 71.0
129.0 414.0 393.0
294.0 386.0 275.0
86.0 96.0 421.0
250.0 269.0 136.0
329.0 49.0 87.0
200.0 181.0 297.0
482.0 486.0 308.0
64.0 212.0 78.0
478.0 222.0 178.0
240.0 319.0 97.0
165.0 113.0 158.0
144.0 60.0 176.0
202.0 447.0 244.0
389.0 69.0 27.0
470.0 211.0 387.0
404.0 297.0 269.0
393.0 4.0 97.0
270.0 162.0 154.0
463.0 36.0 374.0
457.0 134.0 132.0
326.0 311.0 218.0
46.0 475.0 8.0
97.0 348.0 133.0
65.0 150.0 356.0
235.0 337.0 186.0
70.0 164.0 104.0
411.0 7.0 255.0
19.0 7.0 166.0
186.0 430.0 332.0
258.0 102.0 145.0
58.0 453.0 23.0
321.0 358.0 363.0
109.0 249.0 403.0
433.0 494.0 97.0
87.0 470.0 278.0
11.0 380.0 99.0
276.0 499.0 70.0
108.0 340.0 257.0
172.0 173.0 185.0
150.0 354.0 189.0
224.0 416.0 300.0
455.0 178.0 131.0
354.0 235.0 348.0
372.0 272.0 210.0
258.0 455.0 246.0
365.0 53.0 181.0
320.0 419.0 305.0
96.0 144.0 212.0
135.0 358.0 224.0
263.0 120.0 232.0
360.0 10.0 224.0
323.0 460.0 394.0
371.0 216.0 252.0
483.0 54.0 169.0
328.0 233.0 2.0
108.0 161.0 19.0
266.0 370.0 156.0
216.0 83.0 333.0
221.0 289.0 385.0
116.0 8.0 65.0
348.0 385.0 284.0
160.0 469.0 317.0
451.0 66.0 180.0
257.0 316.0 420.0
295.0 30.0 422.0
177.0 128.0 112.0
365.0 103.0 339.0
238.0 286.0 26.0
193.0 66.0 374.0
360.0 280.0 368.0
228.0 294.0 92.0
389.0 491.0 126.0
91.0 284.0 213.0
33.0 131.0 398.0
129.0 283.0 320.0
433.0 10.0 49.0
339.0 114.0 24.0
296.0 500.0 95.0
114.0 412.0 125.0
382.0 292.0 71.0
491.0 202.0 32.0
304.0 126.0 282.0
316.0 483.0 210.0
7.0 454.0 335.0
297.0 210.0 185.0
26.0 32.0 136.0
431.0 493.0 194.0
291.0 42.0 192.0
376.0 144.0 403.0
289.0 351.0 195.0
66.0 373.0 161.0
50.0 121.0 399.0
41.0 332.0 178.0
417.0 398.0 315.0
273.0 110.0 156.0
314.0 101.0 189.0
97.0 198.0 247.0
323.0 491.0 247.0
498.0 496.0 338.0
287.0 266.0 391.0
15.0 273.0 398.0
372.0 153.0 190.0
161.0 41.0 363.0
123.0 229.0 258.0
429.0 356.0 103.0
351.0 243.0 70.0
227.0 437.0 244.0
419.0 315.0 266.0
247.0 13.0 215.0
327.0 417.0 315.0
342.0 218.0 130.0
217.0 344.0 21.0
381.0 56.0 322.0
135.0 456.0 216.0
453.0 70.0 337.0
446.0 315.0 375.0
207.0 358.0 19.0
164.0 79.0 327.0
266.0 492.0 14.0
106.0 118.0 306.0
279.0 308.0 45.0
57.0 200.0 185.0
485.0 263.0 263.0
67.0 216.0 350.0
136.0 390.0 414.0
297.0 374.0 144.0
392.0 410.0 14.0
241.0 36.0 294.0
196.0 265.0 378.0
93.0 293.0 84.0
157.0 65.0 10.0
397.0 372.0 55.0
244.0 409.0 113.0
322.0 125.0 167.0
107.0 341.0 205.0
236.0 102.0 386.0
410.0 224.0 63.0
143.0 379.0 364.0
220.0 2.0 220.0
360.0 298.0 126.0
256.0 147.0 113.0
252.0 101.0 245.0
159.0 392.0 338.0
43.0 58.0 151.0
198.0 165.0 360.0
70.0 324.0 90.0
446.0 257.0 126.0
228.0 337.0 175.0
438.0 183.0 283.0
459.0 43.0 245.0
129.0 193.0 91.0
393.0 71.0 216.0
403.0 54.0 46.0
371.0 297.0 234.0
270.0 120.0 138.0
435.0 16.0 392.0
350.0 102.0 385.0
102.0 47.0 102.0
112.0 260.0 72.0
403.0 482.0 214.0
342.0 274.0 408.0
85.0 29.0 395.0
435.0 209.0 157.0
373.0 490.0 212.0
194.0 69.0 313.0
428.0 111.0 280.0
362.0 247.0 408.0
414.0 333.0 168.0
223.0 162.0 97.0
105.0 384.0 303.0
254.0 123.0 415.0
49.0 116.0 398.0
267.0 109.0 377.0
446.0 287.0 311.0
329.0 57.0 187.0
204.0 17.0 169.0
404.0 267.0 329.0
261.0 482.0 220.0
175.0 274.0 366.0
73.0 298.0 309.0
123.0 17.0 16.0
135.0 493.0 348.0
103.0 365.0 289.0
405.0 18.0 40.0
407.0 49.0 109.0
82.0 246.0 377.0
13.0 286.0 101.0
91.0 385.0 308.0
213.0 443.0 188.0
422.0 174.0 248.0
424.0 280.0 417.0
7.0 321.0 368.0
270.0 386.0 62.0
352.0 382.0 139.0
311.0 489.0 15.0
383.0 35.0 418.0
362.0 315.0 22.0
352.0 125.0 59.0
36.0 451.0 259.0
26.0 235.0 62.0
402.0 369.0 228.0
131.0 398.0 178.0
414.0 134.0 45.0
11.0 68.0 353.0
87.0 412.0 361.0
431.0 400.0 418.0
290.0 78.0 7.0
483.0 433.0 63.0
265.0 498.0 91.0
90.0 424.0 125.0
483.0 95.0 329.0
459.0 455.0 247.0
370.0 476.0 348.0
302.0 383.0 221.0
26.0 409.0 257.0
5.0 220.0 106.0
311.0 489.0 315.0
90.0 204.0 258.0
285.0 449.0 154.0
416.0 236.0 250.0
157.0 449.0 322.0
7.0 197.0 400.0
387.0 404.0 114.0
452.0 75.0 82.0
242.0 88.0 324.0
107.0 248.0 323.0
222.0 449.0 223.0
397.0 267.0 213.0
422.0 468.0 335.0
237.0 264.0 400.0
346.0 423.0 40.0
133.0 227.0 280.0
272.0 334.0 291.0
170.0 283.0 47.0
207.0 21.0 262.0
83.0 316.0 371.0
326.0 432.0 182.0
61.0 448.0 211.0
346.0 358.0 62.0
266.0 71.0 21.0
206.0 406.0 169.0
179.0 234.0 122.0
81.0 64.0 150.0
356.0 176.0 241.0
75.0 61.0 160.0
296.0 352.0 230.0
91.0 308.0 88.0
485.0 415.0 161.0
261.0 277.0 330.0
15.0 127.0 3.0
433.0 419.0 179.0
133.0 67.0 231.0
230.0 481.0 223.0
268.0 440.0 224.0
128.0 484.0 313.0
307.0 138.0 307.0
213.0 31.0 45.0
45.0 386.0 366.0
276.0 44.0 403.0
230.0 226.0 2.0
346.0 16.0 343.0
355.0 308.0 419.0
19.0 181.0 263.0
119.0 478.0 250.0
23.0 324.0 249.0
212.0 182.0 36.0
177.0 17.0 388.0
128.0 231.0 416.0
429.0 482.0 368.0
333.0 27.0 277.0
484.0 258.0 133.0
330.0 295.0 37.0
288.0 107.0 294.0
38.0 45.0 66.0
58.0 141.0 365.0
100.0 195.0 361.0
349.0 386.0 294.0
148.0 133.0 328.0
70.0 210.0 230.0
9.0 271.0 374.0
418.0 329.0 419.0
493.0 143.0 362.0
10.0 32.0 240.0
328.0 119.0 134.0
435.0 99.0 290.0
398.0 433.0 291.0
476.0 28.0 292.0
412.0 142.0 111.0
127.0 488.0 245.0
302.0 201.0 57.0
83.0 208.0 225.0
233.0 306.0 360.0
151.0 160.0 343.0
393.0 456.0 318.0
329.0 178.0 162.0
449.0 177.0 312.0
410.0 9.0 201.0
394.0 207.0 314.0
145.0 320.0 169.0
368.0 371.0 318.0
325.0 1.0 348.0
327.0 464.0 84.0
309.0 145.0 34.0
258.0 252.0 38.0
316.0 54.0 181.0
321.0 131.0 303.0
30.0 280.0 281.0
376.0 487.0 58.0
82.0 25.0 276.0
178.0 101.0 235.0
156.0 126.0 251.0
189.0 472.0 329.0
461.0 500.0 13.0
98.0 46.0 421.0
320.0 185.0 142.0
99.0 161.0 251.0
196.0 76.0 210.0
128.0 362.0 271.0
210.0 54.0 349.0
103.0 445.0 25.0
332.0 441.0 76.0
27.0 138.0 353.0
209.0 41.0 156.0
85.0 441.0 166.0
268.0 469.0 88.0
358.0 177.0 142.0
259.0 314.0 88.0
50.0 427.0 128.0
74.0 197.0 65.0
237.0 239.0 340.0
68.0 439.0 19.0
346.0 71.0 153.0
204.0 376.0 415.0
264.0 71.0 243.0
118.0 64.0 245.0
476.0 166.0 125.0
67.0 436.0 392.0
224.0 118.0 199.0
410.0 428.0 259.0
345.0 272.0 369.0
121.0 494.0 200.0
211.0 441.0 139.0
440.0 259.0 223.0
270.0 418.0 243.0
232.0 142.0 202.0
386.0 416.0 56.0
95.0 488.0 365.0
330.0 402.0 246.0
444.0 29.0 346.0
95.0 141.0 195.0
437.0 81.0 168.0
62.0 243.0 16.0
123.0 291.0 71.0
90.0 217.0 62.0
257.0 117.0 201.0
234.0 420.0 342.0
41.0 178.0 91.0
105.0 191.0 321.0
281.0 85.0 214.0
321.0 263.0 164.0
494.0 202.0 215.0
4.0 369.0 313.0
30.0 159.0 111.0
10.0 170.0 307.0
418.0 391.0 3.0
200.0 39.0 229.0
84.0 30.0 114.0
419.0 262.0 70.0
145.0 199.0 372.0
496.0 328.0 155.0
296.0 147.0 297.0
377.0 147.0 313.0
83.0 346.0 193.0
423.0 434.0 244.0
4.0 459.0 122.0
461.0 66.0 171.0
490.0 282.0 408.0
72.0 368.0 394.0
298.0 49.0 150.0
86.0 23.0 324.0
335.0 172.0 278.0
345.0 111.0 128.0
103.0 230.0 240.0
297.0 307.0 90.0
410.0 192.0 11.0
404.0 177.0 226.0
80.0 424.0 22.0
441.0 333.0 89.0
341.0 92.0 90.0
497.0 74.0 217.0
268.0 338.0 188.0
262.0 297.0 317.0
61.0 338.0 110.0
182.0 451.0 208.0
354.0 133.0 409.0
424.0 355.0 383.0
11.0 289.0 290.0
327.0 441.0 10.0
78.0 457.0 387.0
315.0 324.0 185.0
