Start 286.0 100 100
21.0 58.0 260.0
98.0 42.0 203.0
72.0 57.0 206.0
1.0 20.0 180.0
45.0 38.0 61.0
30.0 78.0 20.0
93.0 19.0 278.0
39.0 48.0 212.0
18.0 36.0 190.0
66.0 20.0 134.0
17.0 1.0 74.0
7.0 99.0 137.0
49.0 25.0 68.0
49.0 16.0 282.0
26.0 39.0 172.0
34.0 72.0 280.0
36.0 67.0 129.0
25.0 64.0 201.0
4.0 20.0 20.0
99.0 77.0 166.0
54.0 42.0 231.0
18.0 33.0 67.0
85.0 42.0 42.0
24.0 13.0 204.0
100.0 36.0 269.0
78.0 98.0 201.0
66.0 92.0 2.0
8.0 34.0 16.0
30.0 55.0 40.0
52.0 48.0 280.0
88.0 80.0 75.0
77.0 7.0 125.0
57.0 80.0 89.0
92.0 5.0 156.0
62.0 85.0 66.0
52.0 94.0 82.0
32.0 89.0 62.0
69.0 26.0 264.0
68.0 16.0 129.0
76.0 22.0 83.0
15.0 87.0 156.0
91.0 35.0 245.0
54.0 81.0 233.0
29.0 29.0 10.0
75.0 62.0 96.0
30.0 17.0 187.0
39.0 51.0 129.0
84.0 6.0 240.0
95.0 68.0 9.0
74.0 72.0 31.0
38.0 11.0 146.0
13.0 50.0 251.0
85.0 95.0 242.0
5.0 39.0 69.0
11.0 19.0 213.0
32.0 41.0 206.0
75.0 15.0 231.0
64.0 89.0 255.0
95.0 51.0 38.0
11.0 90.0 26.0
7.0 31.0 167.0
15.0 20.0 184.0
56.0 61.0 205.0
25.0 40.0 90.0
15.0 80.0 27.0
79.0 83.0 280.0
80.0 75.0 58.0
9.0 17.0 73.0
76.0 92.0 200.0
8.0 30.0 256.0
39.0 48.0 76.0
16.0 19.0 272.0
75.0 44.0 272.0
79.0 79.0 36.0
43.0 2.0 220.0
44.0 37.0 54.0
67.0 72.0 255.0
90.0 89.0 44.0
31.0 22.0 258.0
66.0 28.0 79.0
71.0 57.0 37.0
13.0 57.0 274.0
59.0 57.0 173.0
63.0 78.0 11.0
3.0 62.0 73.0
97.0 31.0 283.0
91.0 82.0 177.0
96.0 36.0 229.0
40.0 70.0 152.0
96.0 32.0 107.0
27.0 37.0 43.0
61.0 52.0 155.0
71.0 23.0 71.0
82.0 36.0 178.0
77.0 21.0 30.0
16.0 87.0 222.0
100.0 96.0 246.0
63.0 82.0 79.0
24.0 62.0 266.0
7.0 51.0 259.0
Start 766.0 200 200
142.0 94.0 518.0
164.0 179.0 87.0
4.0 11.0 455.0
174.0 176.0 152.0
121.0 59.0 2.0
21.0 123.0 491.0
91.0 59.0 3.0
22.0 143.0 375.0
87.0 56.0 576.0
176.0 41.0 280.0
54.0 134.0 594.0
174.0 77.0 384.0
63.0 67.0 352.0
22.0 5.0 692.0
25.0 143.0 175.0
125.0 172.0 437.0
95.0 86.0 242.0
33.0 145.0 79.0
59.0 115.0 518.0
112.0 161.0 556.0
93.0 24.0 737.0
52.0 114.0 566.0
99.0 199.0 527.0
81.0 81.0 135.0
42.0 50.0 128.0
161.0 118.0 302.0
200.0 154.0 280.0
159.0 25.0 500.0
138.0 178.0 619.0
101.0 64.0 223.0
149.0 27.0 556.0
49.0 175.0 735.0
111.0 17.0 80.0
157.0 182.0 410.0
65.0 69.0 205.0
44.0 42.0 743.0
86.0 79.0 634.0
40.0 163.0 447.0
91.0 134.0 543.0
91.0 76.0 234.0
103.0 191.0 291.0
59.0 145.0 445.0
64.0 8.0 413.0
55.0 185.0 735.0
67.0 74.0 108.0
134.0 134.0 596.0
118.0 154.0 466.0
110.0 102.0 278.0
40.0 137.0 250.0
6.0 75.0 203.0
90.0 187.0 265.0
121.0 10.0 432.0
123.0 90.0 591.0
99.0 162.0 745.0
5.0 80.0 355.0
133.0 12.0 485.0
84.0 200.0 472.0
111.0 161.0 128.0
164.0 158.0 28.0
12.0 23.0 590.0
159.0 21.0 549.0
167.0 21.0 390.0
110.0 62.0 641.0
7.0 170.0 146.0
94.0 55.0 643.0
35.0 160.0 178.0
112.0 174.0 369.0
157.0 128.0 364.0
97.0 92.0 209.0
56.0 89.0 34.0
130.0 137.0 507.0
23.0 58.0 608.0
171.0 191.0 271.0
2.0 39.0 763.0
107.0 53.0 65.0
25.0 91.0 187.0
6.0 27.0 550.0
16.0 96.0 636.0
74.0 141.0 89.0
55.0 89.0 351.0
180.0 172.0 474.0
23.0 101.0 92.0
19.0 200.0 182.0
72.0 11.0 487.0
36.0 75.0 496.0
150.0 109.0 746.0
16.0 73.0 307.0
20.0 149.0 206.0
121.0 174.0 334.0
182.0 125.0 77.0
118.0 101.0 166.0
82.0 42.0 12.0
43.0 41.0 428.0
77.0 109.0 473.0
9.0 52.0 439.0
136.0 120.0 366.0
33.0 137.0 636.0
52.0 78.0 189.0
152.0 38.0 608.0
22.0 49.0 9.0
20.0 66.0 381.0
37.0 163.0 230.0
193.0 50.0 626.0
97.0 103.0 140.0
198.0 139.0 370.0
179.0 56.0 222.0
66.0 46.0 55.0
136.0 146.0 38.0
118.0 199.0 646.0
7.0 39.0 743.0
1.0 32.0 596.0
147.0 117.0 96.0
38.0 28.0 725.0
24.0 102.0 173.0
72.0 160.0 226.0
92.0 95.0 471.0
83.0 17.0 429.0
19.0 165.0 286.0
192.0 187.0 659.0
51.0 65.0 310.0
160.0 12.0 60.0
191.0 47.0 191.0
50.0 64.0 511.0
8.0 20.0 140.0
184.0 23.0 373.0
168.0 96.0 615.0
107.0 188.0 476.0
58.0 56.0 122.0
52.0 160.0 298.0
18.0 147.0 673.0
62.0 105.0 320.0
76.0 110.0 733.0
171.0 190.0 367.0
178.0 78.0 341.0
180.0 59.0 494.0
168.0 187.0 364.0
185.0 192.0 195.0
81.0 141.0 489.0
89.0 71.0 490.0
109.0 63.0 660.0
13.0 71.0 386.0
131.0 166.0 608.0
6.0 82.0 409.0
62.0 142.0 94.0
113.0 24.0 162.0
179.0 3.0 684.0
62.0 4.0 508.0
22.0 59.0 337.0
82.0 146.0 747.0
124.0 199.0 669.0
96.0 38.0 697.0
142.0 43.0 646.0
44.0 154.0 573.0
44.0 133.0 532.0
181.0 144.0 736.0
89.0 94.0 439.0
23.0 133.0 723.0
146.0 193.0 178.0
107.0 100.0 424.0
128.0 196.0 229.0
152.0 36.0 247.0
53.0 142.0 570.0
132.0 171.0 668.0
63.0 172.0 154.0
65.0 27.0 713.0
62.0 128.0 741.0
1.0 173.0 55.0
143.0 67.0 706.0
22.0 39.0 418.0
77.0 70.0 639.0
47.0 153.0 480.0
121.0 100.0 350.0
132.0 88.0 384.0
74.0 19.0 176.0
5.0 113.0 567.0
61.0 31.0 183.0
193.0 33.0 556.0
56.0 116.0 277.0
154.0 54.0 354.0
16.0 56.0 674.0
195.0 54.0 684.0
65.0 136.0 733.0
127.0 102.0 290.0
131.0 131.0 352.0
77.0 112.0 171.0
126.0 4.0 593.0
55.0 113.0 626.0
95.0 196.0 479.0
130.0 99.0 210.0
81.0 156.0 627.0
4.0 122.0 338.0
153.0 100.0 271.0
150.0 177.0 246.0
184.0 159.0 48.0
60.0 55.0 679.0
62.0 167.0 647.0
17.0 106.0 358.0
66.0 27.0 449.0
137.0 107.0 504.0
126.0 154.0 562.0
Start 749.0 300 300
300.0 168.0 105.0
196.0 192.0 136.0
208.0 9.0 194.0
122.0 197.0 229.0
106.0 56.0 744.0
14.0 129.0 706.0
299.0 272.0 526.0
209.0 22.0 451.0
293.0 216.0 204.0
188.0 67.0 352.0
158.0 245.0 737.0
204.0 105.0 569.0
179.0 44.0 215.0
291.0 254.0 350.0
16.0 50.0 489.0
53.0 16.0 420.0
7.0 280.0 522.0
289.0 174.0 250.0
187.0 207.0 508.0
169.0 237.0 537.0
74.0 173.0 173.0
67.0 71.0 611.0
9.0 221.0 619.0
120.0 23.0 270.0
63.0 179.0 741.0
46.0 66.0 19.0
172.0 165.0 617.0
88.0 41.0 702.0
258.0 6.0 53.0
259.0 98.0 125.0
3.0 10.0 734.0
50.0 21.0 240.0
280.0 8.0 562.0
66.0 121.0 546.0
41.0 217.0 648.0
117.0 97.0 336.0
114.0 130.0 55.0
295.0 273.0 512.0
14.0 209.0 106.0
225.0 22.0 72.0
127.0 29.0 281.0
189.0 30.0 281.0
258.0 39.0 598.0
50.0 293.0 454.0
268.0 280.0 57.0
274.0 210.0 170.0
163.0 241.0 545.0
95.0 131.0 282.0
202.0 83.0 715.0
148.0 206.0 177.0
105.0 182.0 669.0
274.0 199.0 596.0
292.0 241.0 63.0
39.0 60.0 265.0
124.0 113.0 187.0
87.0 203.0 6.0
185.0 228.0 531.0
276.0 165.0 282.0
29.0 212.0 30.0
94.0 197.0 322.0
124.0 153.0 344.0
256.0 255.0 601.0
4.0 172.0 169.0
55.0 73.0 255.0
149.0 198.0 469.0
204.0 277.0 217.0
231.0 123.0 329.0
204.0 187.0 93.0
156.0 258.0 369.0
178.0 286.0 690.0
287.0 52.0 114.0
230.0 243.0 573.0
187.0 140.0 176.0
161.0 170.0 217.0
123.0 181.0 469.0
13.0 273.0 140.0
73.0 186.0 304.0
63.0 26.0 547.0
73.0 74.0 476.0
186.0 239.0 558.0
20.0 61.0 489.0
274.0 43.0 360.0
279.0 79.0 45.0
76.0 107.0 604.0
249.0 37.0 51.0
45.0 290.0 428.0
114.0 50.0 37.0
113.0 68.0 619.0
288.0 289.0 269.0
232.0 123.0 290.0
250.0 186.0 555.0
162.0 232.0 433.0
236.0 226.0 735.0
292.0 13.0 406.0
126.0 103.0 234.0
89.0 61.0 301.0
123.0 253.0 254.0
246.0 168.0 417.0
31.0 256.0 461.0
73.0 158.0 192.0
92.0 101.0 235.0
110.0 73.0 127.0
18.0 88.0 484.0
271.0 159.0 177.0
82.0 113.0 392.0
135.0 96.0 541.0
182.0 11.0 538.0
207.0 271.0 649.0
148.0 233.0 33.0
56.0 200.0 7.0
67.0 287.0 320.0
254.0 82.0 6.0
70.0 6.0 522.0
27.0 212.0 252.0
166.0 105.0 231.0
104.0 41.0 422.0
297.0 156.0 358.0
81.0 36.0 104.0
250.0 120.0 349.0
77.0 98.0 295.0
279.0 87.0 211.0
221.0 137.0 421.0
233.0 259.0 345.0
226.0 95.0 655.0
257.0 193.0 543.0
17.0 253.0 540.0
187.0 81.0 258.0
54.0 74.0 335.0
45.0 176.0 506.0
284.0 177.0 27.0
267.0 99.0 642.0
284.0 168.0 164.0
254.0 204.0 656.0
71.0 231.0 86.0
64.0 193.0 492.0
283.0 274.0 213.0
71.0 253.0 45.0
173.0 186.0 735.0
193.0 245.0 556.0
77.0 31.0 618.0
111.0 141.0 729.0
1.0 50.0 150.0
259.0 57.0 184.0
142.0 246.0 254.0
84.0 146.0 626.0
279.0 101.0 373.0
286.0 47.0 221.0
224.0 85.0 337.0
245.0 196.0 24.0
180.0 175.0 672.0
157.0 216.0 613.0
283.0 5.0 524.0
230.0 113.0 90.0
70.0 63.0 79.0
149.0 144.0 659.0
214.0 159.0 396.0
11.0 168.0 502.0
64.0 96.0 41.0
50.0 173.0 386.0
88.0 2.0 219.0
210.0 217.0 719.0
157.0 251.0 631.0
238.0 104.0 679.0
278.0 241.0 479.0
36.0 197.0 105.0
146.0 285.0 133.0
153.0 137.0 239.0
140.0 41.0 686.0
109.0 31.0 145.0
118.0 284.0 399.0
57.0 70.0 224.0
184.0 42.0 318.0
251.0 242.0 601.0
38.0 176.0 500.0
179.0 169.0 282.0
122.0 89.0 295.0
94.0 36.0 81.0
46.0 277.0 9.0
58.0 119.0 584.0
100.0 73.0 265.0
90.0 285.0 251.0
115.0 265.0 417.0
259.0 73.0 466.0
53.0 277.0 266.0
63.0 95.0 248.0
120.0 254.0 298.0
3.0 111.0 348.0
62.0 76.0 721.0
224.0 9.0 162.0
130.0 2.0 681.0
189.0 142.0 209.0
221.0 196.0 305.0
170.0 106.0 460.0
5.0 153.0 556.0
85.0 179.0 372.0
67.0 45.0 345.0
161.0 61.0 215.0
270.0 15.0 259.0
60.0 249.0 86.0
77.0 41.0 532.0
175.0 189.0 319.0
24.0 281.0 455.0
113.0 292.0 521.0
166.0 128.0 625.0
213.0 215.0 315.0
8.0 192.0 301.0
277.0 257.0 409.0
292.0 242.0 158.0
171.0 234.0 394.0
79.0 84.0 326.0
208.0 92.0 339.0
11.0 295.0 636.0
214.0 293.0 453.0
87.0 202.0 487.0
295.0 281.0 708.0
287.0 202.0 41.0
212.0 232.0 701.0
194.0 75.0 548.0
258.0 289.0 271.0
115.0 110.0 418.0
49.0 197.0 727.0
128.0 144.0 604.0
224.0 24.0 578.0
109.0 114.0 704.0
21.0 165.0 733.0
9.0 101.0 331.0
241.0 58.0 225.0
205.0 242.0 183.0
219.0 273.0 423.0
49.0 243.0 183.0
265.0 73.0 267.0
294.0 45.0 307.0
69.0 117.0 221.0
66.0 164.0 39.0
3.0 275.0 716.0
70.0 222.0 672.0
156.0 4.0 682.0
50.0 142.0 487.0
196.0 22.0 354.0
41.0 94.0 274.0
246.0 147.0 15.0
242.0 116.0 195.0
158.0 293.0 17.0
266.0 193.0 469.0
168.0 9.0 483.0
281.0 152.0 544.0
21.0 67.0 21.0
101.0 168.0 222.0
260.0 118.0 389.0
134.0 94.0 212.0
145.0 28.0 408.0
102.0 144.0 485.0
60.0 85.0 585.0
209.0 57.0 140.0
236.0 184.0 370.0
37.0 38.0 743.0
250.0 89.0 278.0
202.0 274.0 101.0
55.0 32.0 106.0
21.0 16.0 550.0
181.0 224.0 288.0
154.0 102.0 343.0
288.0 89.0 692.0
25.0 151.0 566.0
187.0 106.0 374.0
213.0 148.0 325.0
11.0 49.0 74.0
264.0 3.0 188.0
188.0 202.0 527.0
58.0 185.0 598.0
127.0 226.0 500.0
298.0 141.0 278.0
299.0 149.0 471.0
259.0 259.0 433.0
281.0 284.0 408.0
74.0 117.0 135.0
219.0 299.0 44.0
198.0 252.0 597.0
272.0 260.0 103.0
141.0 136.0 254.0
54.0 125.0 365.0
127.0 147.0 262.0
235.0 55.0 153.0
277.0 265.0 574.0
225.0 119.0 14.0
269.0 166.0 316.0
54.0 246.0 171.0
206.0 160.0 111.0
173.0 208.0 307.0
55.0 96.0 217.0
86.0 271.0 338.0
142.0 70.0 492.0
192.0 13.0 499.0
193.0 82.0 77.0
94.0 207.0 187.0
298.0 191.0 434.0
269.0 77.0 207.0
287.0 274.0 297.0
86.0 87.0 486.0
220.0 125.0 521.0
Start 570.0 400 400
148.0 399.0 230.0
77.0 207.0 246.0
209.0 192.0 277.0
287.0 130.0 56.0
245.0 376.0 447.0
285.0 398.0 79.0
18.0 400.0 189.0
222.0 296.0 532.0
182.0 293.0 310.0
129.0 16.0 402.0
34.0 274.0 505.0
376.0 168.0 540.0
230.0 227.0 359.0
235.0 329.0 563.0
243.0 158.0 461.0
287.0 56.0 93.0
326.0 46.0 237.0
106.0 28.0 229.0
262.0 88.0 153.0
72.0 99.0 65.0
164.0 230.0 446.0
395.0 276.0 532.0
276.0 389.0 532.0
7.0 315.0 256.0
287.0 175.0 483.0
57.0 262.0 140.0
199.0 226.0 281.0
160.0 55.0 48.0
247.0 13.0 176.0
121.0 106.0 239.0
358.0 165.0 139.0
273.0 328.0 400.0
115.0 161.0 274.0
148.0 54.0 262.0
360.0 162.0 224.0
258.0 327.0 190.0
315.0 310.0 117.0
126.0 320.0 197.0
186.0 53.0 557.0
7.0 178.0 211.0
14.0 219.0 400.0
118.0 298.0 97.0
368.0 234.0 32.0
303.0 87.0 296.0
94.0 225.0 69.0
330.0 368.0 429.0
153.0 368.0 478.0
170.0 174.0 568.0
238.0 137.0 117.0
357.0 157.0 55.0
89.0 238.0 436.0
24.0 167.0 367.0
149.0 7.0 467.0
319.0 294.0 29.0
136.0 285.0 186.0
358.0 98.0 319.0
305.0 271.0 249.0
18.0 7.0 391.0
256.0 150.0 243.0
231.0 284.0 258.0
395.0 86.0 418.0
270.0 357.0 91.0
149.0 193.0 301.0
259.0 347.0 16.0
58.0 344.0 244.0
30.0 112.0 62.0
145.0 249.0 318.0
227.0 31.0 290.0
364.0 55.0 156.0
264.0 153.0 29.0
50.0 207.0 362.0
333.0 317.0 379.0
8.0 143.0 451.0
228.0 205.0 458.0
343.0 350.0 96.0
174.0 226.0 411.0
306.0 141.0 434.0
51.0 67.0 281.0
15.0 197.0 328.0
180.0 299.0 565.0
77.0 341.0 501.0
282.0 45.0 259.0
378.0 17.0 50.0
113.0 136.0 141.0
286.0 255.0 69.0
186.0 389.0 45.0
382.0 62.0 285.0
379.0 26.0 272.0
385.0 167.0 211.0
207.0 339.0 347.0
255.0 83.0 336.0
269.0 170.0 42.0
186.0 181.0 428.0
400.0 313.0 440.0
375.0 212.0 33.0
35.0 341.0 192.0
199.0 322.0 457.0
374.0 309.0 179.0
260.0 323.0 206.0
155.0 150.0 387.0
365.0 161.0 88.0
331.0 359.0 320.0
95.0 363.0 370.0
37.0 122.0 17.0
80.0 81.0 459.0
181.0 280.0 273.0
281.0 225.0 98.0
86.0 165.0 330.0
73.0 59.0 157.0
269.0 250.0 568.0
312.0 43.0 77.0
65.0 343.0 181.0
357.0 384.0 29.0
298.0 168.0 479.0
6.0 293.0 441.0
24.0 315.0 382.0
392.0 157.0 355.0
51.0 358.0 367.0
229.0 286.0 380.0
329.0 400.0 557.0
355.0 33.0 97.0
276.0 51.0 421.0
241.0 235.0 519.0
381.0 145.0 377.0
184.0 366.0 353.0
349.0 169.0 440.0
355.0 118.0 347.0
306.0 375.0 312.0
108.0 225.0 96.0
200.0 299.0 53.0
126.0 70.0 263.0
275.0 271.0 20.0
26.0 300.0 438.0
294.0 74.0 451.0
63.0 323.0 430.0
30.0 189.0 396.0
390.0 318.0 50.0
398.0 49.0 147.0
277.0 303.0 42.0
80.0 19.0 153.0
17.0 397.0 321.0
281.0 146.0 145.0
358.0 282.0 148.0
21.0 286.0 31.0
187.0 267.0 526.0
71.0 99.0 384.0
23.0 200.0 478.0
371.0 158.0 191.0
228.0 345.0 133.0
90.0 393.0 258.0
56.0 177.0 16.0
7.0 227.0 378.0
45.0 37.0 42.0
269.0 397.0 278.0
196.0 115.0 490.0
286.0 351.0 375.0
280.0 384.0 437.0
175.0 361.0 516.0
63.0 152.0 268.0
306.0 21.0 192.0
224.0 6.0 469.0
275.0 19.0 312.0
218.0 311.0 434.0
27.0 218.0 27.0
227.0 345.0 452.0
48.0 376.0 163.0
188.0 120.0 482.0
245.0 372.0 333.0
285.0 89.0 348.0
211.0 400.0 256.0
347.0 7.0 272.0
310.0 221.0 184.0
226.0 209.0 143.0
224.0 82.0 325.0
160.0 18.0 365.0
73.0 78.0 532.0
36.0 187.0 67.0
341.0 304.0 316.0
31.0 103.0 504.0
84.0 275.0 349.0
176.0 27.0 546.0
243.0 396.0 262.0
285.0 391.0 384.0
142.0 152.0 434.0
278.0 282.0 243.0
83.0 320.0 82.0
235.0 324.0 70.0
336.0 83.0 314.0
200.0 398.0 270.0
226.0 306.0 209.0
29.0 100.0 502.0
17.0 304.0 564.0
268.0 206.0 426.0
197.0 346.0 68.0
83.0 25.0 370.0
304.0 113.0 494.0
147.0 345.0 515.0
312.0 46.0 290.0
132.0 55.0 561.0
287.0 358.0 135.0
141.0 376.0 289.0
170.0 62.0 530.0
279.0 387.0 215.0
104.0 208.0 50.0
10.0 382.0 289.0
400.0 275.0 512.0
375.0 349.0 279.0
346.0 32.0 184.0
207.0 143.0 444.0
61.0 55.0 366.0
254.0 271.0 259.0
300.0 140.0 194.0
19.0 212.0 152.0
355.0 199.0 156.0
376.0 304.0 400.0
304.0 272.0 98.0
367.0 47.0 191.0
223.0 179.0 178.0
105.0 49.0 292.0
226.0 118.0 266.0
102.0 247.0 459.0
111.0 45.0 155.0
151.0 206.0 415.0
100.0 152.0 293.0
161.0 14.0 469.0
379.0 244.0 52.0
66.0 264.0 269.0
183.0 139.0 546.0
93.0 202.0 155.0
23.0 243.0 217.0
20.0 24.0 376.0
185.0 337.0 563.0
103.0 389.0 479.0
49.0 185.0 402.0
379.0 65.0 114.0
325.0 7.0 244.0
156.0 144.0 50.0
292.0 125.0 255.0
372.0 115.0 207.0
241.0 127.0 266.0
197.0 55.0 514.0
22.0 226.0 159.0
113.0 48.0 360.0
348.0 308.0 336.0
219.0 238.0 408.0
27.0 276.0 466.0
304.0 195.0 352.0
95.0 64.0 435.0
101.0 324.0 330.0
258.0 385.0 346.0
382.0 257.0 80.0
206.0 353.0 568.0
89.0 394.0 452.0
169.0 381.0 218.0
212.0 176.0 288.0
318.0 143.0 5.0
243.0 233.0 175.0
127.0 25.0 194.0
330.0 179.0 150.0
170.0 395.0 1.0
29.0 246.0 173.0
230.0 65.0 32.0
375.0 157.0 169.0
46.0 179.0 218.0
128.0 160.0 362.0
155.0 219.0 418.0
319.0 80.0 53.0
241.0 319.0 387.0
80.0 56.0 375.0
86.0 400.0 297.0
397.0 163.0 134.0
115.0 202.0 553.0
164.0 377.0 526.0
193.0 204.0 501.0
96.0 320.0 512.0
242.0 316.0 389.0
99.0 396.0 466.0
157.0 167.0 138.0
148.0 323.0 549.0
61.0 8.0 531.0
242.0 56.0 426.0
184.0 122.0 336.0
171.0 193.0 471.0
399.0 342.0 160.0
206.0 179.0 495.0
237.0 324.0 40.0
83.0 285.0 287.0
66.0 352.0 156.0
387.0 344.0 302.0
228.0 302.0 195.0
382.0 335.0 416.0
333.0 64.0 20.0
207.0 311.0 369.0
92.0 218.0 549.0
154.0 344.0 16.0
202.0 304.0 492.0
129.0 28.0 86.0
332.0 292.0 558.0
85.0 31.0 267.0
83.0 309.0 493.0
285.0 324.0 192.0
290.0 339.0 352.0
225.0 100.0 470.0
255.0 256.0 305.0
100.0 7.0 321.0
348.0 91.0 25.0
134.0 86.0 136.0
68.0 304.0 266.0
122.0 259.0 91.0
187.0 185.0 42.0
178.0 119.0 117.0
284.0 108.0 225.0
311.0 76.0 371.0
273.0 182.0 547.0
102.0 374.0 441.0
211.0 328.0 190.0
148.0 170.0 311.0
124.0 236.0 312.0
35.0 187.0 147.0
191.0 302.0 378.0
15.0 68.0 496.0
27.0 241.0 241.0
297.0 132.0 270.0
145.0 267.0 480.0
294.0 114.0 242.0
169.0 381.0 49.0
85.0 270.0 392.0
261.0 256.0 391.0
210.0 233.0 234.0
273.0 93.0 419.0
226.0 324.0 456.0
111.0 285.0 80.0
111.0 390.0 294.0
255.0 33.0 445.0
327.0 355.0 92.0
354.0 48.0 544.0
290.0 304.0 520.0
400.0 205.0 541.0
75.0 329.0 283.0
270.0 318.0 470.0
267.0 304.0 443.0
246.0 43.0 361.0
237.0 258.0 495.0
289.0 116.0 138.0
84.0 349.0 552.0
239.0 293.0 568.0
230.0 81.0 277.0
248.0 384.0 358.0
266.0 211.0 203.0
178.0 264.0 189.0
354.0 221.0 142.0
124.0 211.0 120.0
219.0 232.0 550.0
215.0 315.0 148.0
35.0 128.0 273.0
22.0 227.0 341.0
201.0 126.0 419.0
220.0 277.0 283.0
100.0 351.0 50.0
264.0 176.0 57.0
218.0 197.0 556.0
326.0 245.0 110.0
202.0 118.0 375.0
178.0 89.0 288.0
392.0 241.0 519.0
394.0 124.0 105.0
331.0 328.0 237.0
286.0 392.0 196.0
284.0 3.0 439.0
37.0 291.0 549.0
250.0 384.0 555.0
44.0 122.0 259.0
111.0 43.0 437.0
196.0 364.0 396.0
31.0 50.0 527.0
243.0 256.0 135.0
386.0 106.0 86.0
90.0 148.0 144.0
30.0 159.0 527.0
326.0 43.0 531.0
267.0 380.0 13.0
357.0 89.0 554.0
248.0 19.0 487.0
306.0 339.0 563.0
374.0 129.0 99.0
107.0 364.0 365.0
73.0 55.0 475.0
159.0 330.0 440.0
217.0 154.0 227.0
297.0 34.0 83.0
71.0 360.0 296.0
330.0 375.0 437.0
175.0 320.0 553.0
398.0 192.0 140.0
29.0 164.0 2.0
192.0 381.0 433.0
209.0 205.0 495.0
103.0 393.0 565.0
376.0 258.0 550.0
187.0 154.0 357.0
Start 907.0 500 500
280.0 116.0 107.0
22.0 269.0 356.0
13.0 146.0 498.0
390.0 437.0 477.0
307.0 85.0 854.0
374.0 195.0 702.0
145.0 213.0 575.0
56.0 181.0 846.0
105.0 284.0 647.0
166.0 242.0 225.0
383.0 468.0 876.0
43.0 189.0 45.0
39.0 454.0 449.0
459.0 9.0 125.0
15.0 269.0 697.0
42.0 354.0 129.0
232.0 146.0 510.0
175.0 229.0 267.0
175.0 356.0 618.0
104.0 128.0 76.0
17.0 474.0 768.0
319.0 443.0 565.0
203.0 257.0 19.0
260.0 222.0 54.0
327.0 182.0 379.0
215.0 283.0 74.0
197.0 367.0 643.0
27.0 354.0 333.0
67.0 464.0 402.0
67.0 223.0 407.0
466.0 363.0 510.0
192.0 139.0 686.0
487.0 268.0 359.0
486.0 163.0 56.0
451.0 244.0 585.0
403.0 351.0 848.0
84.0 38.0 116.0
58.0 184.0 352.0
469.0 194.0 402.0
21.0 312.0 311.0
85.0 458.0 902.0
197.0 427.0 798.0
93.0 458.0 707.0
156.0 403.0 138.0
194.0 340.0 202.0
335.0 122.0 820.0
299.0 153.0 598.0
108.0 301.0 592.0
404.0 257.0 415.0
464.0 484.0 769.0
159.0 304.0 533.0
219.0 386.0 621.0
381.0 438.0 608.0
235.0 385.0 443.0
187.0 430.0 302.0
307.0 449.0 620.0
173.0 245.0 426.0
123.0 456.0 661.0
225.0 235.0 598.0
453.0 308.0 102.0
257.0 311.0 313.0
179.0 109.0 444.0
186.0 360.0 179.0
453.0 154.0 554.0
296.0 70.0 375.0
53.0 282.0 203.0
310.0 190.0 298.0
174.0 85.0 111.0
341.0 2.0 793.0
332.0 106.0 833.0
157.0 468.0 710.0
435.0 50.0 424.0
155.0 432.0 604.0
233.0 180.0 720.0
449.0 360.0 534.0
308.0 167.0 448.0
280.0 127.0 535.0
399.0 57.0 10.0
69.0 201.0 893.0
463.0 261.0 718.0
30.0 326.0 606.0
386.0 148.0 646.0
493.0 405.0 41.0
302.0 251.0 286.0
114.0 68.0 419.0
481.0 285.0 494.0
215.0 430.0 842.0
185.0 46.0 758.0
256.0 415.0 677.0
177.0 349.0 423.0
303.0 300.0 888.0
36.0 457.0 120.0
282.0 274.0 104.0
18.0 2.0 170.0
86.0 449.0 264.0
495.0 251.0 136.0
414.0 35.0 828.0
71.0 348.0 836.0
150.0 79.0 719.0
135.0 446.0 895.0
209.0 261.0 261.0
495.0 45.0 335.0
280.0 338.0 471.0
469.0 120.0 558.0
427.0 478.0 124.0
80.0 269.0 775.0
249.0 420.0 358.0
172.0 98.0 480.0
430.0 489.0 306.0
184.0 258.0 422.0
420.0 129.0 525.0
496.0 151.0 234.0
113.0 298.0 723.0
231.0 88.0 701.0
469.0 66.0 289.0
397.0 497.0 610.0
342.0 437.0 591.0
343.0 288.0 246.0
208.0 419.0 168.0
296.0 301.0 372.0
306.0 17.0 292.0
255.0 405.0 115.0
414.0 285.0 540.0
255.0 80.0 424.0
282.0 328.0 55.0
410.0 184.0 55.0
349.0 111.0 608.0
150.0 452.0 39.0
351.0 253.0 203.0
71.0 128.0 300.0
159.0 128.0 645.0
60.0 441.0 151.0
270.0 56.0 561.0
341.0 331.0 650.0
215.0 171.0 807.0
280.0 207.0 322.0
342.0 385.0 23.0
307.0 194.0 184.0
83.0 409.0 137.0
345.0 411.0 601.0
384.0 27.0 321.0
398.0 360.0 647.0
233.0 344.0 788.0
447.0 190.0 839.0
143.0 10.0 717.0
207.0 487.0 662.0
348.0 446.0 324.0
9.0 151.0 686.0
333.0 219.0 761.0
286.0 309.0 856.0
116.0 453.0 68.0
462.0 146.0 20.0
327.0 98.0 242.0
379.0 334.0 260.0
194.0 216.0 109.0
25.0 120.0 863.0
456.0 412.0 629.0
180.0 423.0 612.0
184.0 486.0 460.0
428.0 276.0 794.0
313.0 311.0 761.0
17.0 499.0 630.0
364.0 218.0 645.0
75.0 414.0 664.0
471.0 146.0 340.0
306.0 126.0 110.0
123.0 339.0 3.0
160.0 357.0 905.0
87.0 152.0 724.0
288.0 289.0 686.0
83.0 455.0 266.0
144.0 84.0 461.0
429.0 115.0 771.0
355.0 305.0 375.0
187.0 170.0 406.0
346.0 324.0 796.0
45.0 183.0 587.0
257.0 461.0 147.0
135.0 73.0 358.0
171.0 187.0 630.0
467.0 307.0 26.0
158.0 179.0 883.0
460.0 487.0 711.0
140.0 121.0 554.0
80.0 195.0 380.0
311.0 272.0 807.0
235.0 314.0 461.0
44.0 413.0 549.0
69.0 329.0 29.0
142.0 142.0 491.0
399.0 168.0 15.0
16.0 237.0 276.0
216.0 333.0 225.0
193.0 131.0 454.0
473.0 79.0 85.0
297.0 301.0 122.0
152.0 496.0 617.0
236.0 122.0 353.0
47.0 285.0 541.0
317.0 1.0 295.0
151.0 320.0 606.0
356.0 439.0 864.0
285.0 2.0 477.0
24.0 149.0 363.0
461.0 368.0 713.0
22.0 75.0 423.0
393.0 195.0 803.0
71.0 288.0 638.0
262.0 18.0 336.0
4.0 316.0 752.0
479.0 78.0 719.0
148.0 350.0 736.0
336.0 62.0 108.0
28.0 409.0 448.0
491.0 3.0 542.0
266.0 461.0 266.0
197.0 216.0 362.0
279.0 63.0 107.0
18.0 18.0 883.0
286.0 38.0 241.0
73.0 274.0 133.0
211.0 222.0 243.0
94.0 110.0 354.0
404.0 460.0 441.0
331.0 158.0 18.0
202.0 308.0 837.0
332.0 91.0 731.0
96.0 19.0 367.0
207.0 81.0 809.0
287.0 374.0 629.0
147.0 220.0 28.0
278.0 106.0 516.0
491.0 423.0 664.0
94.0 424.0 677.0
126.0 395.0 779.0
124.0 105.0 137.0
177.0 225.0 493.0
201.0 52.0 264.0
149.0 249.0 721.0
32.0 283.0 36.0
461.0 434.0 159.0
317.0 422.0 212.0
197.0 69.0 126.0
265.0 103.0 868.0
455.0 185.0 581.0
144.0 87.0 184.0
488.0 267.0 19.0
216.0 308.0 430.0
414.0 460.0 800.0
324.0 168.0 462.0
467.0 130.0 128.0
98.0 302.0 433.0
360.0 488.0 871.0
148.0 421.0 874.0
488.0 166.0 900.0
129.0 424.0 668.0
51.0 126.0 118.0
102.0 364.0 449.0
17.0 208.0 599.0
486.0 470.0 547.0
363.0 327.0 415.0
442.0 254.0 481.0
46.0 436.0 504.0
418.0 449.0 580.0
338.0 58.0 335.0
246.0 392.0 775.0
65.0 87.0 803.0
437.0 464.0 63.0
384.0 175.0 773.0
327.0 9.0 314.0
329.0 499.0 136.0
486.0 282.0 328.0
358.0 426.0 858.0
5.0 216.0 389.0
425.0 111.0 537.0
352.0 199.0 69.0
117.0 216.0 669.0
12.0 389.0 408.0
165.0 210.0 151.0
402.0 50.0 174.0
433.0 252.0 101.0
277.0 195.0 299.0
132.0 89.0 417.0
439.0 336.0 566.0
139.0 41.0 276.0
423.0 425.0 804.0
363.0 248.0 722.0
147.0 331.0 406.0
282.0 2.0 497.0
157.0 246.0 45.0
42.0 12.0 737.0
137.0 179.0 466.0
93.0 169.0 29.0
161.0 29.0 848.0
314.0 254.0 725.0
115.0 17.0 553.0
114.0 90.0 802.0
253.0 453.0 223.0
322.0 475.0 293.0
100.0 410.0 193.0
443.0 91.0 874.0
399.0 213.0 829.0
390.0 176.0 769.0
465.0 466.0 21.0
177.0 41.0 853.0
132.0 328.0 64.0
392.0 347.0 436.0
327.0 377.0 29.0
356.0 154.0 375.0
112.0 225.0 520.0
222.0 432.0 338.0
487.0 278.0 664.0
409.0 203.0 611.0
355.0 60.0 174.0
497.0 361.0 779.0
232.0 327.0 287.0
438.0 229.0 189.0
200.0 20.0 314.0
134.0 117.0 69.0
333.0 102.0 237.0
459.0 22.0 55.0
219.0 203.0 814.0
201.0 392.0 432.0
11.0 55.0 542.0
142.0 235.0 759.0
149.0 69.0 860.0
68.0 87.0 481.0
27.0 32.0 396.0
482.0 479.0 361.0
416.0 398.0 812.0
247.0 353.0 720.0
319.0 94.0 819.0
330.0 203.0 72.0
28.0 169.0 110.0
6.0 421.0 475.0
341.0 275.0 502.0
227.0 490.0 678.0
465.0 332.0 663.0
321.0 237.0 136.0
388.0 181.0 617.0
46.0 208.0 10.0
223.0 6.0 449.0
500.0 335.0 78.0
225.0 383.0 429.0
59.0 107.0 464.0
387.0 267.0 842.0
406.0 467.0 601.0
351.0 368.0 26.0
229.0 108.0 417.0
458.0 392.0 777.0
50.0 290.0 315.0
104.0 492.0 434.0
191.0 55.0 325.0
235.0 102.0 235.0
28.0 343.0 816.0
128.0 269.0 170.0
192.0 155.0 247.0
254.0 174.0 299.0
200.0 136.0 596.0
496.0 101.0 862.0
22.0 226.0 900.0
181.0 47.0 698.0
319.0 2.0 779.0
410.0 49.0 441.0
327.0 181.0 17.0
121.0 474.0 199.0
331.0 263.0 563.0
13.0 89.0 177.0
108.0 380.0 447.0
38.0 122.0 411.0
452.0 420.0 50.0
349.0 414.0 175.0
119.0 167.0 868.0
391.0 33.0 499.0
280.0 373.0 898.0
430.0 258.0 905.0
399.0 443.0 178.0
165.0 319.0 640.0
122.0 124.0 673.0
224.0 442.0 889.0
181.0 146.0 359.0
229.0 48.0 486.0
13.0 82.0 506.0
164.0 336.0 663.0
25.0 407.0 331.0
374.0 367.0 864.0
383.0 396.0 530.0
453.0 268.0 851.0
139.0 500.0 711.0
484.0 27.0 468.0
230.0 206.0 437.0
79.0 491.0 68.0
26.0 452.0 96.0
49.0 217.0 73.0
259.0 395.0 277.0
470.0 230.0 310.0
334.0 359.0 136.0
174.0 308.0 97.0
377.0 215.0 636.0
208.0 41.0 632.0
39.0 67.0 265.0
345.0 416.0 507.0
196.0 207.0 101.0
80.0 203.0 572.0
413.0 398.0 671.0
2.0 20.0 531.0
192.0 439.0 346.0
63.0 143.0 404.0
103.0 24.0 403.0
412.0 245.0 363.0
11.0 17.0 842.0
63.0 16.0 251.0
35.0 1.0 868.0
459.0 368.0 689.0
25.0 262.0 479.0
377.0 416.0 813.0
343.0 232.0 742.0
285.0 40.0 291.0
167.0 170.0 687.0
410.0 410.0 472.0
4.0 341.0 877.0
160.0 278.0 766.0
287.0 153.0 183.0
199.0 29.0 284.0
423.0 99.0 159.0
120.0 316.0 702.0
276.0 29.0 613.0
172.0 176.0 134.0
308.0 72.0 511.0
208.0 41.0 99.0
28.0 1.0 13.0
427.0 438.0 324.0
313.0 143.0 873.0
160.0 379.0 645.0
404.0 191.0 263.0
90.0 198.0 695.0
140.0 469.0 141.0
500.0 227.0 264.0
262.0 364.0 725.0
454.0 83.0 104.0
493.0 251.0 802.0
389.0 264.0 196.0
343.0 199.0 612.0
230.0 277.0 265.0
107.0 428.0 897.0
5.0 271.0 52.0
260.0 342.0 578.0
266.0 459.0 242.0
371.0 83.0 92.0
478.0 472.0 377.0
159.0 46.0 87.0
17.0 219.0 524.0
463.0 429.0 851.0
181.0 246.0 7.0
206.0 443.0 604.0
425.0 126.0 431.0
328.0 252.0 480.0
244.0 69.0 254.0
433.0 388.0 51.0
180.0 308.0 347.0
329.0 125.0 449.0
317.0 472.0 1.0
173.0 402.0 283.0
497.0 326.0 287.0
381.0 37.0 884.0
478.0 376.0 191.0
270.0 495.0 422.0
227.0 395.0 142.0
481.0 395.0 719.0
215.0 239.0 719.0
70.0 54.0 816.0
138.0 18.0 291.0
144.0 8.0 73.0
112.0 65.0 504.0
226.0 105.0 871.0
207.0 481.0 278.0
412.0 303.0 715.0
242.0 25.0 245.0
262.0 492.0 702.0
137.0 249.0 873.0
330.0 78.0 293.0
325.0 137.0 394.0
477.0 474.0 630.0
154.0 273.0 829.0
7.0 13.0 854.0
421.0 248.0 702.0
262.0 357.0 338.0
376.0 428.0 594.0
212.0 95.0 482.0
316.0 356.0 457.0
148.0 23.0 99.0
200.0 338.0 88.0
287.0 380.0 1.0
343.0 187.0 261.0
466.0 232.0 825.0
261.0 167.0 84.0
48.0 252.0 597.0
84.0 350.0 513.0
360.0 126.0 460.0
498.0 81.0 427.0
Start 614.0 600 600
18.0 459.0 395.0
414.0 294.0 58.0
286.0 353.0 398.0
592.0 298.0 152.0
205.0 478.0 253.0
256.0 84.0 198.0
243.0 270.0 261.0
518.0 234.0 514.0
337.0 543.0 378.0
188.0 569.0 324.0
84.0 309.0 394.0
450.0 362.0 241.0
231.0 391.0 242.0
85.0 237.0 203.0
477.0 173.0 552.0
255.0 570.0 277.0
322.0 127.0 310.0
66.0 568.0 26.0
357.0 437.0 307.0
109.0 280.0 254.0
580.0 586.0 226.0
223.0 43.0 372.0
315.0 215.0 178.0
375.0 551.0 242.0
573.0 532.0 228.0
55.0 437.0 253.0
522.0 5.0 472.0
173.0 231.0 380.0
265.0 398.0 300.0
384.0 175.0 309.0
571.0 381.0 36.0
489.0 33.0 32.0
581.0 424.0 522.0
80.0 87.0 477.0
428.0 237.0 600.0
600.0 330.0 436.0
299.0 309.0 462.0
222.0 226.0 277.0
316.0 545.0 526.0
102.0 324.0 520.0
85.0 112.0 571.0
15.0 3.0 168.0
347.0 344.0 63.0
119.0 133.0 120.0
223.0 535.0 260.0
522.0 44.0 504.0
366.0 437.0 357.0
447.0 252.0 258.0
434.0 52.0 235.0
566.0 349.0 389.0
286.0 326.0 585.0
215.0 308.0 24.0
171.0 437.0 231.0
350.0 497.0 606.0
51.0 431.0 529.0
333.0 185.0 170.0
210.0 525.0 271.0
355.0 67.0 435.0
377.0 153.0 359.0
115.0 62.0 373.0
344.0 396.0 34.0
15.0 583.0 394.0
512.0 6.0 162.0
103.0 458.0 60.0
479.0 2.0 330.0
351.0 134.0 114.0
71.0 62.0 104.0
520.0 282.0 119.0
173.0 127.0 13.0
32.0 588.0 462.0
307.0 511.0 441.0
330.0 39.0 65.0
414.0 54.0 115.0
506.0 367.0 568.0
3.0 291.0 566.0
420.0 261.0 403.0
165.0 191.0 149.0
247.0 113.0 459.0
490.0 417.0 572.0
55.0 188.0 112.0
159.0 223.0 204.0
46.0 270.0 435.0
349.0 477.0 611.0
231.0 76.0 600.0
600.0 374.0 389.0
421.0 349.0 488.0
445.0 173.0 484.0
83.0 48.0 389.0
375.0 21.0 439.0
363.0 172.0 199.0
451.0 337.0 283.0
84.0 402.0 482.0
373.0 177.0 300.0
129.0 339.0 162.0
115.0 347.0 11.0
250.0 16.0 478.0
54.0 169.0 82.0
59.0 286.0 158.0
409.0 378.0 481.0
219.0 105.0 72.0
52.0 217.0 490.0
159.0 510.0 470.0
443.0 278.0 383.0
82.0 134.0 479.0
314.0 131.0 373.0
4.0 216.0 280.0
135.0 332.0 249.0
408.0 512.0 602.0
147.0 454.0 384.0
585.0 498.0 193.0
537.0 407.0 521.0
436.0 51.0 240.0
485.0 570.0 510.0
439.0 448.0 540.0
475.0 371.0 207.0
256.0 206.0 312.0
155.0 360.0 614.0
396.0 56.0 325.0
485.0 226.0 417.0
273.0 96.0 314.0
489.0 275.0 267.0
497.0 260.0 529.0
365.0 100.0 548.0
7.0 335.0 446.0
484.0 244.0 18.0
142.0 577.0 577.0
240.0 107.0 98.0
238.0 109.0 467.0
322.0 88.0 568.0
470.0 474.0 279.0
351.0 88.0 585.0
413.0 374.0 165.0
514.0 132.0 107.0
188.0 106.0 470.0
190.0 452.0 5.0
288.0 64.0 278.0
148.0 78.0 215.0
98.0 392.0 179.0
135.0 20.0 244.0
374.0 454.0 326.0
4.0 548.0 539.0
542.0 84.0 476.0
135.0 119.0 205.0
367.0 55.0 398.0
505.0 387.0 12.0
100.0 39.0 407.0
171.0 341.0 357.0
221.0 80.0 68.0
397.0 64.0 21.0
544.0 199.0 50.0
194.0 474.0 256.0
49.0 355.0 131.0
440.0 107.0 529.0
535.0 356.0 490.0
76.0 573.0 4.0
49.0 48.0 320.0
340.0 280.0 572.0
469.0 477.0 596.0
52.0 526.0 528.0
453.0 19.0 27.0
569.0 101.0 141.0
506.0 159.0 360.0
583.0 279.0 351.0
69.0 99.0 325.0
259.0 202.0 426.0
53.0 495.0 78.0
376.0 575.0 366.0
457.0 466.0 537.0
183.0 228.0 150.0
288.0 218.0 131.0
291.0 348.0 15.0
486.0 3.0 370.0
417.0 575.0 219.0
484.0 152.0 533.0
121.0 161.0 317.0
406.0 178.0 205.0
485.0 201.0 609.0
509.0 361.0 267.0
251.0 72.0 321.0
368.0 525.0 190.0
394.0 442.0 41.0
362.0 576.0 131.0
428.0 221.0 453.0
250.0 478.0 116.0
396.0 212.0 84.0
352.0 266.0 307.0
144.0 13.0 264.0
527.0 261.0 418.0
308.0 179.0 53.0
282.0 295.0 578.0
160.0 341.0 476.0
201.0 412.0 553.0
300.0 72.0 493.0
515.0 336.0 553.0
571.0 397.0 446.0
560.0 87.0 518.0
24.0 193.0 341.0
229.0 566.0 575.0
71.0 128.0 65.0
145.0 389.0 593.0
478.0 498.0 474.0
592.0 438.0 300.0
336.0 557.0 423.0
178.0 125.0 283.0
573.0 213.0 132.0
559.0 283.0 294.0
348.0 77.0 570.0
199.0 131.0 407.0
291.0 185.0 208.0
510.0 375.0 395.0
522.0 252.0 436.0
80.0 58.0 476.0
118.0 73.0 324.0
36.0 50.0 184.0
424.0 459.0 53.0
155.0 58.0 91.0
163.0 408.0 237.0
195.0 193.0 301.0
347.0 289.0 248.0
182.0 600.0 184.0
391.0 16.0 564.0
201.0 353.0 321.0
504.0 495.0 273.0
488.0 374.0 40.0
132.0 279.0 316.0
188.0 288.0 249.0
520.0 574.0 232.0
372.0 459.0 273.0
49.0 521.0 39.0
267.0 507.0 522.0
208.0 270.0 135.0
582.0 80.0 47.0
315.0 113.0 176.0
100.0 306.0 171.0
542.0 507.0 195.0
99.0 87.0 387.0
163.0 566.0 263.0
478.0 421.0 352.0
54.0 126.0 21.0
149.0 75.0 613.0
357.0 533.0 574.0
314.0 111.0 157.0
11.0 176.0 155.0
458.0 266.0 410.0
382.0 48.0 316.0
254.0 149.0 190.0
304.0 289.0 424.0
388.0 275.0 276.0
497.0 49.0 44.0
526.0 305.0 596.0
259.0 328.0 100.0
591.0 520.0 283.0
506.0 173.0 318.0
358.0 169.0 321.0
196.0 597.0 583.0
361.0 7.0 107.0
446.0 56.0 161.0
237.0 489.0 281.0
475.0 502.0 184.0
157.0 105.0 196.0
94.0 10.0 196.0
485.0 71.0 131.0
158.0 339.0 491.0
444.0 307.0 294.0
187.0 490.0 313.0
487.0 232.0 164.0
560.0 187.0 526.0
600.0 253.0 259.0
334.0 159.0 28.0
38.0 81.0 228.0
167.0 213.0 1.0
219.0 291.0 262.0
407.0 169.0 608.0
236.0 49.0 290.0
350.0 292.0 538.0
457.0 548.0 144.0
531.0 5.0 382.0
375.0 408.0 33.0
123.0 96.0 556.0
559.0 311.0 444.0
361.0 372.0 366.0
197.0 449.0 360.0
560.0 498.0 337.0
540.0 386.0 553.0
311.0 407.0 13.0
388.0 144.0 110.0
500.0 323.0 494.0
592.0 176.0 284.0
179.0 188.0 84.0
9.0 256.0 361.0
185.0 265.0 154.0
141.0 503.0 573.0
200.0 406.0 106.0
209.0 600.0 258.0
459.0 493.0 211.0
179.0 51.0 80.0
330.0 466.0 151.0
67.0 367.0 347.0
218.0 581.0 7.0
380.0 241.0 443.0
598.0 91.0 434.0
404.0 108.0 473.0
376.0 179.0 451.0
98.0 399.0 344.0
131.0 419.0 205.0
198.0 46.0 416.0
304.0 112.0 146.0
361.0 202.0 401.0
485.0 313.0 5.0
339.0 470.0 405.0
269.0 62.0 494.0
70.0 499.0 461.0
336.0 408.0 99.0
187.0 16.0 275.0
309.0 551.0 542.0
138.0 290.0 559.0
382.0 282.0 158.0
187.0 397.0 437.0
179.0 382.0 73.0
314.0 600.0 427.0
578.0 47.0 517.0
59.0 354.0 360.0
303.0 112.0 256.0
72.0 81.0 126.0
412.0 237.0 259.0
360.0 1.0 320.0
289.0 309.0 434.0
477.0 328.0 410.0
9.0 78.0 224.0
4.0 546.0 522.0
460.0 480.0 152.0
74.0 217.0 12.0
82.0 332.0 243.0
129.0 389.0 12.0
538.0 226.0 89.0
110.0 526.0 379.0
4.0 430.0 589.0
569.0 214.0 398.0
56.0 456.0 288.0
12.0 62.0 84.0
529.0 211.0 443.0
334.0 532.0 196.0
215.0 42.0 10.0
257.0 235.0 364.0
179.0 233.0 534.0
285.0 360.0 245.0
363.0 111.0 52.0
285.0 234.0 311.0
546.0 335.0 381.0
215.0 346.0 81.0
576.0 19.0 608.0
409.0 494.0 224.0
90.0 294.0 220.0
70.0 350.0 510.0
148.0 386.0 54.0
534.0 127.0 445.0
39.0 225.0 160.0
194.0 460.0 57.0
489.0 526.0 38.0
295.0 377.0 410.0
551.0 293.0 22.0
470.0 381.0 466.0
248.0 50.0 22.0
1.0 546.0 431.0
130.0 370.0 280.0
338.0 110.0 395.0
442.0 306.0 418.0
477.0 229.0 444.0
457.0 533.0 501.0
163.0 148.0 6.0
234.0 456.0 1.0
195.0 87.0 167.0
51.0 293.0 168.0
6.0 143.0 167.0
416.0 184.0 497.0
93.0 233.0 591.0
134.0 176.0 46.0
120.0 159.0 326.0
345.0 512.0 29.0
488.0 452.0 507.0
155.0 407.0 135.0
140.0 249.0 170.0
54.0 75.0 99.0
440.0 570.0 77.0
211.0 310.0 531.0
525.0 314.0 534.0
407.0 398.0 364.0
194.0 53.0 139.0
74.0 445.0 598.0
193.0 122.0 213.0
141.0 140.0 70.0
434.0 587.0 89.0
132.0 489.0 128.0
549.0 99.0 328.0
198.0 342.0 209.0
451.0 399.0 355.0
458.0 12.0 523.0
449.0 568.0 381.0
323.0 252.0 62.0
128.0 556.0 299.0
2.0 362.0 522.0
386.0 107.0 577.0
498.0 109.0 375.0
564.0 97.0 380.0
38.0 344.0 284.0
230.0 147.0 24.0
163.0 496.0 271.0
434.0 129.0 530.0
592.0 170.0 612.0
348.0 536.0 589.0
565.0 190.0 152.0
433.0 83.0 489.0
316.0 509.0 156.0
49.0 480.0 73.0
585.0 193.0 562.0
543.0 372.0 301.0
87.0 600.0 552.0
326.0 273.0 155.0
592.0 454.0 296.0
413.0 9.0 191.0
356.0 37.0 548.0
301.0 509.0 299.0
495.0 254.0 347.0
58.0 181.0 187.0
110.0 282.0 202.0
100.0 333.0 561.0
378.0 561.0 229.0
331.0 92.0 412.0
260.0 332.0 416.0
52.0 328.0 496.0
323.0 58.0 311.0
461.0 273.0 496.0
104.0 123.0 183.0
528.0 539.0 79.0
66.0 578.0 446.0
122.0 60.0 344.0
311.0 326.0 274.0
218.0 586.0 563.0
380.0 572.0 452.0
22.0 441.0 281.0
99.0 460.0 347.0
382.0 120.0 512.0
485.0 420.0 385.0
497.0 199.0 26.0
270.0 49.0 399.0
593.0 373.0 194.0
85.0 380.0 144.0
457.0 577.0 471.0
256.0 525.0 480.0
562.0 415.0 373.0
249.0 437.0 589.0
395.0 44.0 253.0
488.0 70.0 357.0
114.0 293.0 205.0
39.0 268.0 506.0
569.0 448.0 338.0
110.0 309.0 208.0
561.0 263.0 172.0
51.0 275.0 358.0
156.0 596.0 150.0
55.0 568.0 565.0
335.0 135.0 375.0
104.0 319.0 373.0
256.0 28.0 584.0
600.0 210.0 142.0
411.0 561.0 602.0
200.0 444.0 613.0
254.0 533.0 242.0
522.0 315.0 41.0
187.0 542.0 436.0
577.0 56.0 572.0
26.0 473.0 122.0
116.0 57.0 326.0
476.0 467.0 376.0
342.0 407.0 432.0
17.0 381.0 24.0
517.0 210.0 586.0
292.0 198.0 3.0
504.0 311.0 120.0
515.0 35.0 153.0
547.0 403.0 172.0
36.0 245.0 601.0
312.0 327.0 348.0
297.0 18.0 18.0
303.0 549.0 184.0
423.0 16.0 107.0
527.0 228.0 600.0
32.0 322.0 448.0
456.0 157.0 545.0
512.0 110.0 28.0
569.0 584.0 553.0
392.0 183.0 56.0
96.0 573.0 285.0
264.0 170.0 560.0
412.0 405.0 160.0
332.0 74.0 522.0
73.0 372.0 209.0
183.0 186.0 44.0
234.0 507.0 57.0
101.0 248.0 418.0
90.0 585.0 257.0
572.0 539.0 441.0
147.0 470.0 468.0
349.0 572.0 128.0
330.0 144.0 501.0
360.0 220.0 355.0
513.0 324.0 582.0
511.0 241.0 326.0
100.0 465.0 284.0
187.0 302.0 528.0
461.0 588.0 383.0
378.0 166.0 405.0
529.0 145.0 321.0
530.0 280.0 248.0
412.0 281.0 69.0
281.0 268.0 116.0
479.0 577.0 422.0
98.0 367.0 542.0
555.0 321.0 611.0
348.0 515.0 396.0
562.0 43.0 505.0
376.0 173.0 188.0
15.0 31.0 146.0
547.0 224.0 43.0
120.0 413.0 221.0
104.0 465.0 153.0
589.0 403.0 146.0
563.0 531.0 420.0
575.0 232.0 604.0
267.0 304.0 527.0
357.0 337.0 465.0
497.0 448.0 518.0
92.0 49.0 416.0
188.0 284.0 600.0
420.0 576.0 492.0
271.0 336.0 556.0
112.0 429.0 76.0
418.0 231.0 374.0
439.0 299.0 244.0
39.0 500.0 114.0
27.0 57.0 371.0
240.0 389.0 235.0
36.0 551.0 612.0
322.0 501.0 512.0
106.0 450.0 104.0
228.0 312.0 458.0
529.0 260.0 526.0
320.0 17.0 104.0
306.0 468.0 445.0
331.0 600.0 171.0
86.0 518.0 123.0
175.0 598.0 493.0
459.0 241.0 561.0
83.0 19.0 446.0
3.0 269.0 142.0
216.0 345.0 541.0
454.0 114.0 204.0
301.0 257.0 142.0
436.0 192.0 157.0
35.0 14.0 422.0
498.0 552.0 294.0
250.0 408.0 387.0
345.0 378.0 76.0
244.0 379.0 8.0
508.0 237.0 107.0
551.0 169.0 457.0
259.0 304.0 32.0
449.0 566.0 542.0
127.0 448.0 483.0
27.0 421.0 119.0
89.0 162.0 328.0
326.0 11.0 306.0
256.0 221.0 359.0
85.0 159.0 283.0
304.0 430.0 361.0
271.0 377.0 412.0
262.0 550.0 509.0
484.0 206.0 474.0
405.0 404.0 581.0
153.0 140.0 290.0
398.0 409.0 565.0
22.0 106.0 453.0
323.0 374.0 604.0
8.0 433.0 252.0
85.0 66.0 512.0
476.0 228.0 421.0
15.0 471.0 144.0
269.0 323.0 67.0
264.0 162.0 328.0
506.0 503.0 134.0
423.0 484.0 153.0
359.0 396.0 132.0
196.0 452.0 394.0
335.0 73.0 439.0
242.0 1.0 167.0
342.0 121.0 74.0
8.0 441.0 437.0
133.0 517.0 145.0
215.0 18.0 480.0
268.0 580.0 21.0
Start 821.0 700 700
499.0 614.0 321.0
467.0 492.0 523.0
611.0 278.0 310.0
159.0 674.0 569.0
651.0 186.0 732.0
102.0 113.0 31.0
68.0 614.0 258.0
212.0 220.0 495.0
344.0 507.0 202.0
296.0 342.0 402.0
421.0 66.0 804.0
85.0 35.0 228.0
544.0 535.0 443.0
160.0 43.0 187.0
197.0 534.0 267.0
646.0 451.0 706.0
4.0 273.0 94.0
94.0 471.0 406.0
350.0 395.0 820.0
390.0 354.0 227.0
410.0 400.0 757.0
621.0 175.0 350.0
465.0 633.0 182.0
380.0 42.0 761.0
208.0 405.0 728.0
680.0 659.0 808.0
583.0 23.0 783.0
680.0 174.0 128.0
228.0 100.0 253.0
439.0 428.0 302.0
631.0 428.0 186.0
539.0 653.0 399.0
560.0 389.0 816.0
269.0 634.0 212.0
495.0 669.0 195.0
317.0 328.0 124.0
415.0 213.0 583.0
658.0 551.0 373.0
153.0 138.0 12.0
403.0 417.0 546.0
5.0 425.0 312.0
557.0 502.0 96.0
655.0 358.0 219.0
327.0 538.0 311.0
175.0 301.0 444.0
323.0 408.0 599.0
474.0 138.0 434.0
347.0 95.0 760.0
449.0 700.0 484.0
236.0 653.0 145.0
21.0 700.0 561.0
189.0 363.0 231.0
683.0 524.0 525.0
309.0 150.0 803.0
4.0 297.0 481.0
353.0 13.0 717.0
488.0 514.0 11.0
131.0 237.0 564.0
522.0 30.0 581.0
42.0 161.0 532.0
135.0 135.0 677.0
86.0 151.0 615.0
370.0 601.0 457.0
551.0 324.0 312.0
660.0 476.0 489.0
169.0 517.0 659.0
602.0 512.0 810.0
140.0 679.0 610.0
78.0 375.0 308.0
672.0 116.0 333.0
8.0 444.0 447.0
571.0 509.0 530.0
527.0 653.0 438.0
98.0 653.0 396.0
55.0 65.0 456.0
72.0 92.0 237.0
615.0 501.0 123.0
543.0 371.0 421.0
300.0 460.0 692.0
333.0 515.0 84.0
260.0 299.0 628.0
639.0 246.0 411.0
178.0 366.0 631.0
396.0 56.0 256.0
25.0 412.0 175.0
191.0 190.0 106.0
690.0 397.0 502.0
106.0 493.0 235.0
664.0 121.0 241.0
527.0 64.0 197.0
231.0 43.0 242.0
468.0 340.0 112.0
562.0 373.0 142.0
353.0 46.0 692.0
633.0 83.0 22.0
3.0 485.0 53.0
692.0 462.0 524.0
478.0 229.0 192.0
474.0 466.0 441.0
375.0 272.0 9.0
617.0 428.0 520.0
164.0 149.0 508.0
551.0 128.0 316.0
600.0 169.0 702.0
16.0 187.0 781.0
79.0 237.0 530.0
522.0 593.0 78.0
373.0 181.0 116.0
556.0 171.0 349.0
195.0 446.0 638.0
416.0 650.0 716.0
301.0 359.0 600.0
452.0 526.0 492.0
407.0 425.0 117.0
132.0 219.0 81.0
527.0 448.0 121.0
666.0 416.0 446.0
173.0 377.0 561.0
372.0 640.0 821.0
572.0 429.0 442.0
183.0 93.0 203.0
102.0 526.0 704.0
627.0 363.0 446.0
572.0 93.0 158.0
673.0 73.0 785.0
209.0 407.0 798.0
266.0 79.0 762.0
330.0 3.0 346.0
91.0 391.0 609.0
166.0 176.0 324.0
403.0 169.0 800.0
257.0 540.0 253.0
631.0 618.0 575.0
576.0 507.0 311.0
54.0 100.0 125.0
56.0 125.0 315.0
415.0 674.0 277.0
658.0 138.0 59.0
587.0 405.0 98.0
550.0 67.0 549.0
359.0 640.0 765.0
112.0 9.0 415.0
406.0 131.0 249.0
58.0 4.0 640.0
397.0 425.0 44.0
1.0 391.0 693.0
643.0 697.0 273.0
687.0 317.0 685.0
406.0 177.0 696.0
528.0 700.0 73.0
215.0 279.0 7.0
530.0 307.0 715.0
468.0 565.0 171.0
33.0 485.0 515.0
331.0 230.0 777.0
221.0 226.0 174.0
671.0 480.0 541.0
272.0 409.0 493.0
495.0 541.0 67.0
46.0 329.0 684.0
402.0 313.0 346.0
556.0 43.0 778.0
76.0 596.0 744.0
700.0 497.0 219.0
681.0 379.0 13.0
258.0 296.0 211.0
515.0 543.0 405.0
509.0 370.0 692.0
327.0 48.0 523.0
176.0 291.0 111.0
406.0 578.0 221.0
360.0 629.0 181.0
135.0 418.0 461.0
566.0 173.0 616.0
210.0 142.0 709.0
149.0 512.0 127.0
475.0 459.0 773.0
123.0 627.0 402.0
556.0 98.0 356.0
633.0 74.0 220.0
550.0 211.0 442.0
275.0 488.0 236.0
656.0 57.0 377.0
419.0 451.0 221.0
622.0 276.0 197.0
217.0 570.0 124.0
47.0 662.0 173.0
1.0 588.0 466.0
667.0 509.0 489.0
185.0 366.0 621.0
219.0 404.0 760.0
347.0 339.0 508.0
329.0 8.0 51.0
94.0 39.0 474.0
199.0 294.0 70.0
642.0 691.0 419.0
112.0 698.0 201.0
635.0 186.0 77.0
196.0 141.0 186.0
339.0 648.0 303.0
601.0 351.0 57.0
122.0 262.0 724.0
622.0 25.0 219.0
249.0 661.0 35.0
110.0 59.0 493.0
131.0 540.0 146.0
408.0 568.0 434.0
545.0 652.0 212.0
19.0 225.0 21.0
72.0 18.0 352.0
610.0 695.0 334.0
419.0 215.0 33.0
8.0 163.0 286.0
631.0 98.0 674.0
338.0 128.0 10.0
29.0 188.0 475.0
307.0 269.0 239.0
119.0 347.0 349.0
117.0 470.0 48.0
149.0 664.0 9.0
437.0 289.0 81.0
359.0 677.0 567.0
592.0 100.0 687.0
399.0 447.0 587.0
58.0 286.0 115.0
488.0 202.0 360.0
88.0 190.0 216.0
580.0 347.0 507.0
347.0 364.0 437.0
647.0 693.0 182.0
343.0 387.0 603.0
211.0 408.0 707.0
303.0 322.0 342.0
468.0 6.0 36.0
3.0 3.0 693.0
373.0 357.0 659.0
467.0 200.0 29.0
312.0 335.0 704.0
587.0 435.0 803.0
219.0 404.0 652.0
317.0 536.0 296.0
471.0 153.0 36.0
420.0 341.0 233.0
509.0 644.0 427.0
81.0 47.0 585.0
237.0 693.0 155.0
110.0 244.0 565.0
559.0 696.0 717.0
1.0 72.0 500.0
497.0 566.0 803.0
340.0 149.0 226.0
364.0 346.0 264.0
46.0 692.0 786.0
398.0 242.0 660.0
665.0 45.0 592.0
492.0 595.0 500.0
152.0 255.0 567.0
429.0 592.0 700.0
346.0 177.0 256.0
672.0 274.0 273.0
657.0 87.0 6.0
464.0 640.0 782.0
180.0 263.0 503.0
323.0 339.0 390.0
550.0 69.0 453.0
83.0 96.0 241.0
259.0 386.0 752.0
496.0 65.0 304.0
651.0 475.0 108.0
561.0 405.0 254.0
668.0 690.0 246.0
386.0 436.0 680.0
103.0 85.0 735.0
579.0 3.0 477.0
533.0 333.0 298.0
675.0 174.0 162.0
320.0 244.0 319.0
366.0 690.0 365.0
211.0 130.0 515.0
563.0 328.0 67.0
19.0 354.0 320.0
403.0 678.0 212.0
682.0 343.0 8.0
494.0 170.0 172.0
646.0 236.0 90.0
494.0 652.0 662.0
211.0 2.0 690.0
472.0 516.0 426.0
627.0 374.0 29.0
687.0 251.0 211.0
102.0 72.0 475.0
415.0 354.0 31.0
401.0 494.0 435.0
479.0 690.0 249.0
473.0 197.0 457.0
634.0 579.0 309.0
135.0 303.0 187.0
121.0 33.0 624.0
529.0 323.0 2.0
65.0 615.0 685.0
265.0 4.0 194.0
452.0 499.0 649.0
329.0 146.0 778.0
225.0 359.0 75.0
310.0 677.0 259.0
667.0 568.0 181.0
467.0 165.0 569.0
457.0 396.0 220.0
151.0 290.0 282.0
494.0 76.0 49.0
421.0 25.0 97.0
460.0 603.0 701.0
425.0 151.0 574.0
655.0 29.0 216.0
51.0 485.0 265.0
696.0 337.0 386.0
554.0 560.0 480.0
198.0 53.0 113.0
629.0 15.0 733.0
451.0 177.0 683.0
196.0 73.0 616.0
275.0 546.0 332.0
36.0 50.0 409.0
605.0 2.0 376.0
52.0 295.0 578.0
468.0 57.0 798.0
278.0 592.0 419.0
568.0 497.0 598.0
410.0 361.0 89.0
578.0 227.0 647.0
451.0 460.0 745.0
557.0 326.0 651.0
128.0 156.0 700.0
650.0 225.0 688.0
681.0 7.0 778.0
478.0 649.0 446.0
611.0 42.0 117.0
376.0 606.0 327.0
416.0 145.0 668.0
509.0 633.0 394.0
687.0 635.0 719.0
360.0 14.0 18.0
398.0 698.0 705.0
220.0 481.0 557.0
404.0 573.0 512.0
491.0 629.0 358.0
144.0 413.0 814.0
373.0 604.0 310.0
600.0 173.0 564.0
167.0 492.0 518.0
410.0 126.0 282.0
288.0 391.0 640.0
594.0 453.0 729.0
495.0 274.0 663.0
677.0 551.0 379.0
560.0 204.0 516.0
285.0 234.0 98.0
336.0 392.0 472.0
151.0 533.0 47.0
288.0 53.0 773.0
559.0 596.0 45.0
537.0 652.0 777.0
593.0 448.0 527.0
302.0 587.0 710.0
15.0 489.0 782.0
536.0 171.0 52.0
535.0 173.0 290.0
211.0 552.0 144.0
327.0 220.0 66.0
48.0 229.0 313.0
331.0 695.0 611.0
616.0 62.0 174.0
411.0 369.0 818.0
88.0 508.0 158.0
176.0 146.0 392.0
36.0 604.0 212.0
620.0 282.0 560.0
689.0 300.0 648.0
383.0 61.0 455.0
80.0 356.0 284.0
556.0 285.0 364.0
588.0 29.0 359.0
595.0 259.0 8.0
647.0 105.0 309.0
573.0 159.0 370.0
56.0 59.0 363.0
165.0 269.0 759.0
427.0 125.0 92.0
549.0 204.0 709.0
328.0 41.0 97.0
651.0 171.0 53.0
46.0 630.0 135.0
32.0 44.0 542.0
672.0 377.0 239.0
276.0 120.0 490.0
679.0 411.0 393.0
68.0 462.0 443.0
222.0 416.0 158.0
537.0 607.0 781.0
67.0 360.0 56.0
210.0 22.0 499.0
132.0 485.0 74.0
583.0 418.0 176.0
684.0 10.0 675.0
125.0 38.0 45.0
492.0 354.0 746.0
148.0 259.0 250.0
452.0 22.0 105.0
143.0 249.0 399.0
568.0 688.0 246.0
8.0 20.0 503.0
117.0 240.0 675.0
635.0 302.0 240.0
468.0 430.0 149.0
589.0 281.0 730.0
30.0 170.0 492.0
575.0 528.0 90.0
166.0 606.0 569.0
607.0 607.0 628.0
164.0 203.0 375.0
613.0 44.0 219.0
22.0 382.0 603.0
297.0 471.0 473.0
411.0 443.0 28.0
468.0 565.0 26.0
343.0 79.0 720.0
458.0 140.0 798.0
595.0 264.0 731.0
288.0 627.0 384.0
635.0 604.0 295.0
482.0 92.0 178.0
84.0 365.0 579.0
204.0 266.0 684.0
65.0 300.0 140.0
693.0 650.0 130.0
507.0 134.0 189.0
391.0 418.0 507.0
56.0 62.0 690.0
524.0 365.0 316.0
587.0 85.0 429.0
551.0 280.0 530.0
67.0 67.0 443.0
361.0 185.0 313.0
683.0 494.0 362.0
364.0 509.0 16.0
615.0 332.0 319.0
470.0 243.0 195.0
384.0 275.0 676.0
582.0 409.0 148.0
4.0 446.0 451.0
593.0 513.0 743.0
88.0 499.0 750.0
182.0 510.0 750.0
294.0 431.0 540.0
17.0 352.0 788.0
571.0 620.0 546.0
81.0 663.0 676.0
453.0 516.0 425.0
500.0 35.0 366.0
227.0 473.0 382.0
193.0 487.0 416.0
271.0 201.0 531.0
296.0 50.0 430.0
488.0 683.0 427.0
183.0 86.0 479.0
127.0 611.0 262.0
341.0 378.0 368.0
412.0 366.0 623.0
533.0 79.0 490.0
482.0 54.0 75.0
256.0 48.0 617.0
16.0 116.0 410.0
412.0 620.0 766.0
588.0 297.0 463.0
334.0 667.0 399.0
114.0 129.0 350.0
438.0 17.0 784.0
476.0 485.0 122.0
654.0 91.0 745.0
281.0 264.0 410.0
234.0 269.0 689.0
60.0 148.0 48.0
489.0 588.0 136.0
212.0 644.0 328.0
91.0 219.0 730.0
558.0 31.0 372.0
67.0 287.0 241.0
306.0 264.0 740.0
131.0 673.0 431.0
185.0 491.0 650.0
8.0 596.0 87.0
49.0 504.0 164.0
61.0 41.0 538.0
535.0 322.0 721.0
498.0 144.0 489.0
565.0 557.0 588.0
155.0 420.0 619.0
673.0 264.0 704.0
552.0 439.0 725.0
671.0 236.0 182.0
616.0 115.0 515.0
523.0 434.0 460.0
348.0 41.0 775.0
138.0 256.0 255.0
435.0 237.0 565.0
425.0 679.0 37.0
397.0 82.0 14.0
296.0 504.0 202.0
544.0 490.0 335.0
63.0 68.0 24.0
349.0 250.0 756.0
182.0 225.0 75.0
530.0 155.0 494.0
54.0 401.0 17.0
215.0 369.0 314.0
442.0 645.0 583.0
179.0 468.0 234.0
378.0 411.0 409.0
617.0 488.0 12.0
44.0 84.0 660.0
358.0 431.0 815.0
219.0 579.0 256.0
142.0 156.0 508.0
28.0 518.0 412.0
237.0 95.0 580.0
46.0 132.0 541.0
42.0 355.0 176.0
505.0 638.0 258.0
651.0 667.0 744.0
137.0 486.0 453.0
149.0 187.0 350.0
397.0 473.0 217.0
110.0 650.0 570.0
481.0 236.0 441.0
331.0 496.0 633.0
116.0 285.0 13.0
399.0 173.0 394.0
162.0 366.0 543.0
502.0 317.0 678.0
346.0 665.0 413.0
161.0 247.0 296.0
650.0 180.0 203.0
379.0 290.0 254.0
162.0 56.0 209.0
97.0 654.0 29.0
532.0 286.0 768.0
683.0 693.0 631.0
265.0 472.0 811.0
128.0 431.0 780.0
566.0 19.0 584.0
424.0 657.0 667.0
382.0 605.0 330.0
206.0 616.0 193.0
513.0 37.0 188.0
212.0 143.0 540.0
399.0 302.0 177.0
629.0 650.0 54.0
324.0 430.0 551.0
621.0 427.0 145.0
622.0 531.0 381.0
484.0 426.0 93.0
217.0 442.0 565.0
90.0 646.0 567.0
109.0 580.0 781.0
216.0 325.0 10.0
589.0 351.0 462.0
523.0 126.0 277.0
684.0 16.0 296.0
458.0 72.0 12.0
551.0 262.0 597.0
257.0 273.0 62.0
278.0 564.0 82.0
236.0 437.0 335.0
43.0 508.0 70.0
580.0 564.0 153.0
622.0 603.0 226.0
43.0 507.0 610.0
431.0 606.0 170.0
525.0 624.0 429.0
693.0 520.0 351.0
485.0 226.0 407.0
239.0 332.0 437.0
576.0 622.0 635.0
393.0 547.0 565.0
208.0 67.0 366.0
372.0 183.0 818.0
39.0 308.0 473.0
512.0 471.0 735.0
362.0 167.0 669.0
447.0 399.0 175.0
658.0 196.0 409.0
50.0 25.0 3.0
282.0 8.0 46.0
27.0 654.0 325.0
277.0 127.0 557.0
275.0 80.0 495.0
75.0 150.0 125.0
263.0 316.0 436.0
258.0 424.0 251.0
443.0 569.0 733.0
518.0 490.0 241.0
556.0 190.0 71.0
679.0 278.0 33.0
633.0 252.0 516.0
136.0 192.0 777.0
625.0 362.0 456.0
178.0 514.0 68.0
372.0 74.0 611.0
570.0 12.0 469.0
426.0 405.0 479.0
682.0 170.0 571.0
101.0 148.0 206.0
354.0 666.0 450.0
366.0 644.0 123.0
2.0 439.0 630.0
297.0 290.0 703.0
57.0 273.0 237.0
77.0 253.0 311.0
395.0 428.0 273.0
653.0 351.0 278.0
422.0 606.0 22.0
286.0 134.0 816.0
667.0 85.0 715.0
513.0 495.0 217.0
601.0 416.0 304.0
230.0 308.0 181.0
36.0 526.0 631.0
27.0 641.0 732.0
148.0 541.0 346.0
326.0 194.0 39.0
489.0 257.0 345.0
23.0 214.0 272.0
492.0 467.0 22.0
482.0 434.0 197.0
523.0 375.0 129.0
195.0 645.0 25.0
369.0 354.0 507.0
81.0 598.0 263.0
433.0 665.0 435.0
485.0 430.0 407.0
583.0 394.0 76.0
143.0 650.0 709.0
80.0 358.0 248.0
28.0 584.0 748.0
168.0 371.0 205.0
478.0 22.0 807.0
273.0 677.0 84.0
116.0 602.0 661.0
342.0 242.0 355.0
606.0 438.0 585.0
116.0 81.0 547.0
548.0 236.0 290.0
169.0 38.0 273.0
413.0 548.0 139.0
387.0 386.0 303.0
468.0 180.0 105.0
209.0 10.0 200.0
342.0 323.0 777.0
179.0 495.0 781.0
254.0 676.0 139.0
175.0 624.0 401.0
516.0 516.0 22.0
270.0 432.0 222.0
119.0 195.0 156.0
26.0 188.0 236.0
373.0 662.0 606.0
482.0 194.0 266.0
173.0 268.0 404.0
591.0 371.0 816.0
492.0 107.0 704.0
466.0 584.0 725.0
632.0 650.0 649.0
253.0 557.0 266.0
460.0 402.0 687.0
574.0 2.0 559.0
656.0 317.0 462.0
433.0 70.0 13.0
462.0 143.0 336.0
67.0 70.0 334.0
596.0 148.0 722.0
269.0 641.0 272.0
15.0 181.0 344.0
397.0 6.0 429.0
130.0 312.0 650.0
321.0 135.0 603.0
87.0 651.0 527.0
297.0 2.0 333.0
627.0 133.0 279.0
143.0 443.0 217.0
417.0 305.0 552.0
334.0 691.0 260.0
569.0 616.0 57.0
107.0 522.0 215.0
660.0 308.0 454.0
410.0 43.0 257.0
406.0 221.0 527.0
507.0 307.0 346.0
687.0 419.0 668.0
564.0 386.0 369.0
161.0 573.0 492.0
Start 822.0 800 800
321.0 421.0 130.0
205.0 703.0 305.0
593.0 330.0 577.0
764.0 594.0 314.0
347.0 556.0 432.0
167.0 392.0 198.0
377.0 87.0 781.0
523.0 616.0 757.0
75.0 426.0 501.0
691.0 596.0 362.0
400.0 625.0 136.0
202.0 692.0 527.0
473.0 212.0 589.0
192.0 611.0 173.0
139.0 578.0 575.0
537.0 660.0 612.0
612.0 539.0 366.0
685.0 479.0 586.0
314.0 749.0 647.0
626.0 45.0 291.0
191.0 410.0 114.0
655.0 105.0 768.0
106.0 636.0 767.0
753.0 267.0 596.0
349.0 16.0 741.0
210.0 787.0 360.0
785.0 113.0 34.0
505.0 517.0 279.0
64.0 169.0 409.0
564.0 213.0 523.0
46.0 204.0 680.0
265.0 590.0 785.0
63.0 581.0 1.0
740.0 795.0 385.0
465.0 500.0 736.0
675.0 6.0 651.0
269.0 220.0 378.0
467.0 357.0 485.0
799.0 531.0 74.0
540.0 382.0 568.0
782.0 10.0 45.0
8.0 380.0 457.0
60.0 151.0 180.0
314.0 188.0 311.0
656.0 494.0 286.0
320.0 693.0 753.0
613.0 717.0 119.0
317.0 373.0 673.0
434.0 277.0 83.0
34.0 243.0 565.0
670.0 735.0 379.0
74.0 531.0 98.0
29.0 729.0 763.0
181.0 213.0 239.0
232.0 110.0 431.0
106.0 726.0 403.0
610.0 629.0 553.0
24.0 240.0 640.0
410.0 799.0 432.0
104.0 253.0 341.0
483.0 223.0 664.0
304.0 480.0 818.0
659.0 254.0 443.0
116.0 595.0 363.0
608.0 490.0 429.0
458.0 503.0 196.0
534.0 684.0 54.0
96.0 570.0 678.0
485.0 193.0 177.0
621.0 539.0 791.0
85.0 268.0 456.0
454.0 176.0 572.0
106.0 558.0 164.0
18.0 585.0 189.0
455.0 80.0 524.0
688.0 516.0 367.0
539.0 334.0 130.0
600.0 769.0 614.0
710.0 521.0 371.0
619.0 281.0 533.0
29.0 212.0 510.0
67.0 110.0 535.0
493.0 12.0 337.0
164.0 661.0 12.0
694.0 657.0 198.0
663.0 41.0 486.0
362.0 128.0 56.0
339.0 225.0 625.0
177.0 768.0 817.0
350.0 573.0 99.0
135.0 442.0 320.0
580.0 427.0 47.0
573.0 601.0 516.0
144.0 328.0 807.0
10.0 306.0 617.0
764.0 646.0 277.0
357.0 318.0 634.0
205.0 156.0 445.0
638.0 68.0 279.0
45.0 511.0 599.0
758.0 480.0 772.0
568.0 339.0 328.0
103.0 307.0 227.0
482.0 467.0 105.0
791.0 491.0 401.0
565.0 17.0 5.0
169.0 306.0 718.0
114.0 541.0 139.0
607.0 92.0 59.0
52.0 730.0 120.0
419.0 800.0 629.0
156.0 609.0 592.0
157.0 63.0 524.0
645.0 715.0 77.0
308.0 441.0 322.0
592.0 642.0 412.0
557.0 713.0 184.0
795.0 455.0 369.0
762.0 183.0 321.0
243.0 56.0 799.0
221.0 153.0 792.0
181.0 425.0 715.0
497.0 728.0 678.0
719.0 662.0 659.0
376.0 130.0 508.0
645.0 13.0 184.0
783.0 719.0 791.0
420.0 498.0 772.0
616.0 344.0 664.0
727.0 403.0 87.0
477.0 26.0 320.0
245.0 527.0 564.0
212.0 131.0 570.0
736.0 348.0 164.0
669.0 771.0 579.0
746.0 743.0 52.0
333.0 455.0 334.0
476.0 169.0 429.0
496.0 359.0 647.0
542.0 665.0 268.0
313.0 496.0 648.0
573.0 774.0 254.0
581.0 27.0 663.0
4.0 722.0 459.0
285.0 507.0 213.0
499.0 256.0 90.0
508.0 578.0 462.0
482.0 796.0 24.0
269.0 119.0 450.0
144.0 262.0 407.0
169.0 797.0 476.0
454.0 690.0 220.0
690.0 410.0 799.0
486.0 187.0 659.0
577.0 710.0 463.0
423.0 392.0 601.0
440.0 495.0 492.0
53.0 280.0 320.0
460.0 664.0 218.0
427.0 630.0 360.0
53.0 309.0 157.0
665.0 348.0 44.0
85.0 386.0 577.0
622.0 327.0 818.0
419.0 611.0 190.0
461.0 307.0 408.0
240.0 778.0 703.0
401.0 273.0 138.0
287.0 329.0 446.0
398.0 603.0 95.0
760.0 520.0 380.0
632.0 627.0 321.0
8.0 469.0 97.0
599.0 619.0 667.0
34.0 677.0 389.0
389.0 344.0 401.0
346.0 236.0 563.0
126.0 725.0 41.0
331.0 37.0 710.0
788.0 610.0 285.0
343.0 281.0 249.0
64.0 672.0 49.0
587.0 309.0 125.0
276.0 243.0 266.0
120.0 569.0 727.0
751.0 687.0 638.0
624.0 424.0 671.0
751.0 755.0 686.0
651.0 165.0 13.0
63.0 70.0 771.0
572.0 557.0 59.0
534.0 368.0 659.0
558.0 567.0 600.0
340.0 681.0 569.0
497.0 692.0 70.0
611.0 187.0 401.0
682.0 585.0 18.0
597.0 459.0 46.0
14.0 139.0 494.0
159.0 687.0 535.0
574.0 423.0 738.0
240.0 132.0 548.0
240.0 732.0 238.0
710.0 692.0 18.0
676.0 757.0 469.0
173.0 509.0 406.0
160.0 570.0 568.0
57.0 180.0 544.0
302.0 404.0 66.0
72.0 745.0 359.0
231.0 58.0 541.0
499.0 380.0 36.0
540.0 464.0 130.0
15.0 354.0 99.0
280.0 669.0 387.0
312.0 348.0 359.0
446.0 771.0 390.0
518.0 469.0 588.0
76.0 702.0 391.0
181.0 296.0 510.0
73.0 518.0 538.0
580.0 34.0 96.0
140.0 703.0 83.0
778.0 201.0 764.0
501.0 237.0 390.0
150.0 615.0 450.0
625.0 69.0 350.0
254.0 288.0 173.0
715.0 490.0 435.0
733.0 714.0 296.0
223.0 440.0 175.0
221.0 740.0 391.0
392.0 483.0 362.0
11.0 605.0 571.0
287.0 520.0 228.0
718.0 654.0 653.0
666.0 553.0 161.0
605.0 25.0 478.0
32.0 406.0 429.0
654.0 338.0 262.0
696.0 483.0 568.0
228.0 602.0 96.0
443.0 268.0 506.0
241.0 662.0 288.0
251.0 72.0 620.0
472.0 296.0 400.0
571.0 627.0 339.0
491.0 227.0 697.0
5.0 568.0 87.0
325.0 484.0 678.0
578.0 786.0 466.0
657.0 455.0 807.0
175.0 172.0 497.0
288.0 633.0 185.0
525.0 136.0 491.0
358.0 309.0 31.0
189.0 357.0 790.0
750.0 617.0 529.0
724.0 490.0 583.0
709.0 266.0 282.0
331.0 114.0 605.0
611.0 4.0 746.0
629.0 739.0 125.0
799.0 89.0 666.0
121.0 491.0 749.0
64.0 491.0 580.0
247.0 700.0 523.0
766.0 628.0 159.0
626.0 729.0 555.0
342.0 291.0 54.0
558.0 311.0 426.0
102.0 547.0 258.0
214.0 714.0 181.0
115.0 277.0 558.0
562.0 452.0 697.0
474.0 309.0 159.0
682.0 323.0 297.0
442.0 67.0 199.0
37.0 320.0 232.0
692.0 562.0 271.0
349.0 624.0 546.0
447.0 166.0 48.0
406.0 149.0 771.0
245.0 70.0 249.0
268.0 708.0 384.0
613.0 456.0 88.0
71.0 457.0 673.0
715.0 79.0 252.0
328.0 34.0 585.0
250.0 543.0 34.0
468.0 640.0 223.0
144.0 558.0 314.0
124.0 375.0 759.0
133.0 645.0 649.0
421.0 652.0 90.0
448.0 59.0 606.0
235.0 70.0 729.0
730.0 663.0 647.0
782.0 500.0 490.0
287.0 446.0 696.0
638.0 60.0 536.0
633.0 784.0 274.0
32.0 570.0 268.0
578.0 584.0 723.0
645.0 760.0 364.0
178.0 84.0 83.0
107.0 109.0 242.0
703.0 326.0 402.0
35.0 527.0 638.0
782.0 666.0 358.0
106.0 464.0 809.0
778.0 365.0 12.0
452.0 621.0 611.0
631.0 121.0 699.0
289.0 501.0 179.0
382.0 468.0 678.0
337.0 601.0 681.0
289.0 321.0 746.0
153.0 272.0 629.0
7.0 229.0 635.0
679.0 798.0 801.0
401.0 371.0 511.0
417.0 378.0 258.0
247.0 747.0 456.0
752.0 494.0 572.0
386.0 89.0 411.0
715.0 442.0 251.0
192.0 616.0 172.0
412.0 485.0 69.0
560.0 780.0 376.0
190.0 471.0 394.0
585.0 55.0 10.0
750.0 453.0 269.0
187.0 341.0 34.0
272.0 172.0 444.0
692.0 87.0 528.0
36.0 158.0 64.0
73.0 699.0 554.0
98.0 627.0 294.0
473.0 713.0 575.0
95.0 164.0 393.0
508.0 392.0 19.0
450.0 143.0 357.0
14.0 451.0 391.0
719.0 557.0 59.0
45.0 208.0 64.0
625.0 10.0 5.0
529.0 366.0 214.0
78.0 547.0 795.0
522.0 388.0 64.0
223.0 236.0 127.0
587.0 327.0 391.0
516.0 757.0 592.0
186.0 335.0 97.0
490.0 606.0 545.0
123.0 509.0 413.0
22.0 179.0 208.0
47.0 493.0 1.0
41.0 513.0 17.0
649.0 742.0 207.0
437.0 446.0 754.0
368.0 671.0 627.0
528.0 1.0 23.0
392.0 115.0 262.0
112.0 374.0 247.0
447.0 770.0 203.0
174.0 349.0 666.0
660.0 184.0 739.0
454.0 570.0 748.0
357.0 197.0 122.0
22.0 438.0 651.0
576.0 708.0 514.0
211.0 361.0 20.0
515.0 495.0 45.0
185.0 402.0 191.0
703.0 707.0 47.0
795.0 653.0 165.0
607.0 221.0 238.0
509.0 517.0 270.0
224.0 563.0 535.0
526.0 189.0 674.0
753.0 665.0 516.0
254.0 292.0 537.0
682.0 512.0 696.0
86.0 142.0 729.0
11.0 458.0 331.0
239.0 132.0 643.0
800.0 758.0 165.0
571.0 396.0 761.0
7.0 66.0 34.0
449.0 294.0 328.0
161.0 598.0 349.0
514.0 108.0 252.0
268.0 319.0 510.0
330.0 634.0 800.0
418.0 388.0 618.0
305.0 473.0 534.0
646.0 259.0 647.0
652.0 313.0 157.0
486.0 507.0 106.0
743.0 238.0 129.0
379.0 82.0 123.0
609.0 792.0 686.0
450.0 37.0 380.0
281.0 768.0 582.0
289.0 637.0 95.0
66.0 30.0 470.0
10.0 764.0 377.0
771.0 651.0 359.0
134.0 779.0 142.0
147.0 546.0 269.0
537.0 35.0 395.0
293.0 643.0 160.0
228.0 118.0 513.0
191.0 308.0 294.0
667.0 217.0 293.0
670.0 666.0 721.0
490.0 285.0 17.0
112.0 735.0 25.0
328.0 194.0 114.0
154.0 348.0 775.0
176.0 636.0 591.0
197.0 536.0 395.0
322.0 701.0 431.0
176.0 475.0 606.0
111.0 47.0 342.0
334.0 781.0 705.0
101.0 741.0 729.0
79.0 616.0 229.0
281.0 580.0 740.0
189.0 400.0 618.0
739.0 421.0 629.0
681.0 634.0 75.0
370.0 325.0 687.0
399.0 513.0 489.0
584.0 360.0 78.0
734.0 637.0 372.0
423.0 149.0 17.0
81.0 358.0 341.0
388.0 69.0 463.0
196.0 118.0 14.0
77.0 402.0 227.0
284.0 523.0 178.0
116.0 239.0 36.0
1.0 30.0 195.0
557.0 780.0 782.0
390.0 121.0 430.0
746.0 291.0 332.0
36.0 275.0 249.0
642.0 419.0 798.0
534.0 429.0 146.0
284.0 46.0 606.0
521.0 257.0 380.0
508.0 206.0 245.0
253.0 196.0 412.0
503.0 496.0 444.0
590.0 605.0 463.0
133.0 94.0 703.0
594.0 236.0 95.0
165.0 740.0 316.0
686.0 310.0 412.0
169.0 103.0 91.0
179.0 604.0 352.0
326.0 436.0 174.0
543.0 514.0 748.0
532.0 193.0 665.0
515.0 570.0 567.0
319.0 514.0 537.0
317.0 101.0 797.0
531.0 295.0 617.0
450.0 642.0 743.0
207.0 555.0 427.0
485.0 551.0 455.0
661.0 799.0 807.0
220.0 190.0 393.0
247.0 798.0 39.0
513.0 397.0 116.0
484.0 60.0 252.0
671.0 571.0 444.0
427.0 516.0 383.0
101.0 97.0 803.0
275.0 253.0 612.0
370.0 530.0 130.0
474.0 222.0 24.0
509.0 333.0 697.0
607.0 110.0 223.0
588.0 727.0 351.0
578.0 322.0 710.0
670.0 608.0 468.0
185.0 410.0 45.0
211.0 91.0 319.0
569.0 244.0 591.0
210.0 126.0 727.0
518.0 601.0 293.0
78.0 125.0 103.0
75.0 637.0 94.0
54.0 568.0 704.0
327.0 88.0 222.0
33.0 42.0 104.0
649.0 761.0 249.0
474.0 45.0 129.0
565.0 322.0 527.0
420.0 57.0 25.0
580.0 711.0 59.0
325.0 475.0 580.0
228.0 351.0 598.0
32.0 218.0 253.0
498.0 207.0 397.0
571.0 452.0 93.0
445.0 47.0 376.0
359.0 748.0 139.0
599.0 530.0 399.0
390.0 400.0 133.0
178.0 702.0 500.0
400.0 117.0 71.0
233.0 452.0 479.0
516.0 760.0 159.0
349.0 377.0 560.0
672.0 172.0 620.0
658.0 387.0 607.0
579.0 50.0 638.0
781.0 628.0 732.0
447.0 454.0 82.0
257.0 205.0 142.0
106.0 136.0 271.0
790.0 660.0 297.0
743.0 301.0 63.0
107.0 98.0 720.0
753.0 277.0 481.0
369.0 373.0 355.0
357.0 278.0 365.0
28.0 36.0 253.0
331.0 592.0 616.0
726.0 127.0 683.0
459.0 686.0 455.0
393.0 256.0 117.0
87.0 348.0 97.0
371.0 593.0 393.0
598.0 27.0 260.0
180.0 723.0 602.0
224.0 484.0 485.0
142.0 227.0 611.0
133.0 227.0 14.0
213.0 150.0 426.0
495.0 737.0 52.0
112.0 740.0 111.0
592.0 302.0 427.0
731.0 35.0 556.0
795.0 266.0 83.0
691.0 85.0 560.0
173.0 251.0 449.0
209.0 738.0 799.0
646.0 557.0 408.0
333.0 255.0 489.0
49.0 756.0 233.0
316.0 460.0 59.0
730.0 132.0 346.0
563.0 488.0 219.0
786.0 554.0 365.0
620.0 507.0 352.0
547.0 559.0 649.0
513.0 415.0 145.0
183.0 466.0 75.0
766.0 590.0 261.0
685.0 574.0 181.0
782.0 711.0 774.0
655.0 308.0 134.0
330.0 209.0 546.0
32.0 462.0 494.0
82.0 100.0 368.0
615.0 592.0 389.0
791.0 663.0 768.0
466.0 294.0 574.0
300.0 782.0 682.0
72.0 708.0 217.0
355.0 691.0 515.0
329.0 307.0 474.0
198.0 532.0 815.0
766.0 691.0 791.0
272.0 185.0 593.0
728.0 505.0 580.0
690.0 321.0 289.0
648.0 51.0 595.0
589.0 631.0 731.0
468.0 612.0 532.0
593.0 655.0 498.0
368.0 273.0 535.0
122.0 131.0 220.0
271.0 55.0 6.0
602.0 523.0 421.0
313.0 123.0 143.0
458.0 387.0 203.0
474.0 228.0 53.0
544.0 211.0 794.0
277.0 596.0 57.0
438.0 37.0 760.0
178.0 410.0 770.0
382.0 35.0 23.0
113.0 589.0 740.0
700.0 757.0 539.0
320.0 646.0 465.0
483.0 568.0 56.0
220.0 268.0 258.0
677.0 501.0 488.0
669.0 523.0 797.0
636.0 506.0 583.0
299.0 658.0 535.0
524.0 87.0 16.0
591.0 100.0 230.0
108.0 765.0 801.0
674.0 49.0 518.0
199.0 178.0 774.0
717.0 233.0 784.0
316.0 140.0 629.0
244.0 316.0 504.0
568.0 506.0 445.0
621.0 167.0 248.0
292.0 28.0 540.0
285.0 439.0 753.0
99.0 615.0 727.0
290.0 627.0 36.0
117.0 241.0 787.0
76.0 12.0 86.0
695.0 714.0 515.0
456.0 639.0 28.0
267.0 624.0 820.0
441.0 626.0 671.0
279.0 401.0 379.0
489.0 387.0 457.0
371.0 288.0 626.0
545.0 275.0 675.0
266.0 131.0 460.0
421.0 171.0 577.0
173.0 301.0 177.0
15.0 396.0 310.0
276.0 361.0 365.0
215.0 177.0 249.0
423.0 511.0 785.0
228.0 550.0 574.0
712.0 214.0 370.0
221.0 452.0 559.0
53.0 588.0 236.0
264.0 368.0 382.0
593.0 98.0 239.0
261.0 86.0 104.0
268.0 723.0 250.0
592.0 737.0 602.0
57.0 151.0 127.0
568.0 634.0 414.0
180.0 601.0 109.0
125.0 159.0 306.0
666.0 790.0 243.0
250.0 171.0 558.0
633.0 365.0 218.0
15.0 323.0 259.0
411.0 342.0 155.0
64.0 148.0 586.0
598.0 617.0 508.0
689.0 647.0 276.0
194.0 562.0 42.0
512.0 732.0 558.0
304.0 134.0 719.0
473.0 576.0 755.0
72.0 74.0 673.0
319.0 245.0 754.0
364.0 689.0 557.0
283.0 724.0 749.0
376.0 118.0 464.0
330.0 756.0 151.0
54.0 134.0 185.0
412.0 302.0 161.0
480.0 9.0 704.0
458.0 399.0 584.0
375.0 538.0 68.0
156.0 728.0 318.0
180.0 580.0 522.0
246.0 354.0 510.0
385.0 136.0 182.0
304.0 644.0 689.0
40.0 282.0 696.0
771.0 296.0 261.0
266.0 2.0 540.0
185.0 127.0 582.0
591.0 401.0 305.0
250.0 444.0 491.0
454.0 476.0 433.0
406.0 201.0 603.0
666.0 422.0 543.0
272.0 758.0 110.0
52.0 288.0 805.0
213.0 445.0 490.0
354.0 98.0 747.0
343.0 296.0 617.0
162.0 779.0 698.0
23.0 359.0 233.0
270.0 312.0 583.0
327.0 324.0 423.0
621.0 99.0 723.0
411.0 619.0 673.0
564.0 490.0 603.0
519.0 181.0 116.0
406.0 249.0 11.0
587.0 118.0 761.0
633.0 791.0 212.0
300.0 427.0 386.0
537.0 80.0 199.0
708.0 164.0 668.0
430.0 362.0 144.0
625.0 564.0 796.0
668.0 289.0 382.0
667.0 689.0 176.0
293.0 305.0 470.0
192.0 306.0 117.0
458.0 453.0 777.0
251.0 136.0 72.0
346.0 463.0 787.0
757.0 665.0 497.0
524.0 16.0 115.0
7.0 368.0 815.0
680.0 223.0 730.0
617.0 577.0 178.0
237.0 101.0 782.0
556.0 69.0 124.0
602.0 141.0 729.0
663.0 225.0 176.0
665.0 228.0 705.0
319.0 340.0 432.0
346.0 429.0 346.0
289.0 208.0 515.0
405.0 753.0 699.0
115.0 481.0 704.0
282.0 335.0 41.0
798.0 522.0 383.0
9.0 372.0 537.0
320.0 726.0 530.0
302.0 586.0 735.0
163.0 625.0 184.0
711.0 135.0 336.0
492.0 731.0 338.0
259.0 426.0 97.0
701.0 53.0 100.0
87.0 494.0 600.0
340.0 746.0 175.0
520.0 294.0 277.0
410.0 488.0 219.0
602.0 547.0 740.0
119.0 599.0 388.0
53.0 651.0 509.0
144.0 535.0 385.0
96.0 303.0 771.0
2.0 269.0 433.0
613.0 355.0 88.0
558.0 64.0 725.0
336.0 319.0 226.0
187.0 595.0 31.0
55.0 410.0 230.0
719.0 640.0 746.0
589.0 539.0 784.0
679.0 268.0 364.0
351.0 332.0 319.0
592.0 747.0 738.0
9.0 611.0 370.0
52.0 162.0 65.0
75.0 548.0 650.0
128.0 722.0 144.0
405.0 773.0 470.0
650.0 622.0 255.0
617.0 641.0 514.0
139.0 639.0 533.0
368.0 219.0 227.0
563.0 366.0 96.0
534.0 344.0 496.0
414.0 347.0 798.0
402.0 23.0 646.0
653.0 390.0 41.0
74.0 761.0 535.0
323.0 142.0 553.0
723.0 37.0 786.0
317.0 258.0 156.0
44.0 104.0 511.0
419.0 272.0 4.0
596.0 335.0 465.0
152.0 209.0 773.0
536.0 587.0 378.0
234.0 487.0 355.0
607.0 643.0 804.0
465.0 292.0 744.0
104.0 469.0 714.0
513.0 716.0 593.0
682.0 88.0 421.0
16.0 321.0 764.0
723.0 126.0 716.0
175.0 741.0 344.0
98.0 662.0 690.0
252.0 776.0 448.0
646.0 157.0 429.0
648.0 730.0 183.0
520.0 780.0 651.0
342.0 705.0 464.0
587.0 152.0 467.0
Start 67.0 900 900
698.0 289.0 23.0
645.0 108.0 11.0
403.0 354.0 65.0
484.0 796.0 19.0
603.0 116.0 49.0
76.0 33.0 59.0
447.0 761.0 25.0
249.0 211.0 56.0
725.0 94.0 56.0
16.0 610.0 53.0
566.0 686.0 1.0
14.0 157.0 31.0
41.0 378.0 8.0
1.0 100.0 62.0
553.0 537.0 35.0
303.0 687.0 53.0
194.0 144.0 39.0
42.0 26.0 52.0
654.0 364.0 36.0
411.0 205.0 66.0
625.0 445.0 48.0
475.0 827.0 3.0
329.0 137.0 61.0
208.0 709.0 29.0
501.0 814.0 55.0
447.0 180.0 28.0
357.0 233.0 43.0
695.0 419.0 10.0
251.0 866.0 2.0
556.0 615.0 28.0
358.0 416.0 32.0
880.0 897.0 45.0
882.0 424.0 56.0
560.0 524.0 36.0
234.0 661.0 4.0
88.0 667.0 32.0
63.0 853.0 16.0
336.0 304.0 53.0
480.0 825.0 51.0
196.0 875.0 59.0
285.0 325.0 61.0
105.0 546.0 35.0
322.0 879.0 63.0
25.0 823.0 5.0
401.0 809.0 62.0
323.0 880.0 59.0
855.0 436.0 24.0
627.0 477.0 59.0
627.0 204.0 65.0
869.0 227.0 9.0
237.0 737.0 64.0
764.0 242.0 65.0
80.0 149.0 58.0
589.0 463.0 51.0
654.0 867.0 21.0
699.0 715.0 63.0
527.0 121.0 9.0
790.0 635.0 60.0
756.0 335.0 21.0
802.0 98.0 44.0
830.0 780.0 41.0
328.0 871.0 30.0
776.0 403.0 66.0
204.0 432.0 20.0
398.0 874.0 37.0
98.0 635.0 66.0
784.0 394.0 41.0
355.0 148.0 37.0
71.0 726.0 54.0
474.0 54.0 31.0
128.0 285.0 41.0
747.0 111.0 63.0
345.0 780.0 10.0
675.0 322.0 60.0
38.0 189.0 44.0
479.0 580.0 3.0
400.0 399.0 39.0
550.0 17.0 67.0
382.0 282.0 52.0
483.0 213.0 34.0
500.0 703.0 61.0
732.0 431.0 33.0
12.0 861.0 45.0
415.0 38.0 21.0
513.0 162.0 33.0
70.0 701.0 17.0
205.0 509.0 23.0
178.0 554.0 37.0
89.0 565.0 24.0
604.0 673.0 6.0
491.0 567.0 45.0
497.0 60.0 12.0
892.0 441.0 31.0
605.0 875.0 52.0
647.0 531.0 43.0
126.0 250.0 46.0
811.0 527.0 50.0
631.0 193.0 43.0
841.0 544.0 49.0
160.0 252.0 42.0
237.0 565.0 17.0
379.0 364.0 5.0
406.0 566.0 64.0
68.0 696.0 7.0
480.0 424.0 30.0
168.0 868.0 17.0
185.0 2.0 35.0
627.0 287.0 47.0
206.0 863.0 5.0
470.0 821.0 45.0
418.0 789.0 44.0
120.0 756.0 47.0
57.0 293.0 48.0
723.0 868.0 44.0
746.0 253.0 24.0
468.0 709.0 4.0
300.0 122.0 19.0
517.0 700.0 38.0
535.0 391.0 23.0
1.0 564.0 55.0
568.0 522.0 29.0
245.0 363.0 7.0
822.0 63.0 37.0
367.0 174.0 15.0
25.0 608.0 47.0
778.0 117.0 37.0
102.0 50.0 5.0
408.0 887.0 2.0
892.0 416.0 44.0
2.0 52.0 10.0
104.0 366.0 57.0
320.0 465.0 29.0
481.0 594.0 32.0
563.0 875.0 2.0
29.0 9.0 32.0
700.0 490.0 53.0
364.0 460.0 14.0
711.0 431.0 8.0
677.0 788.0 23.0
668.0 256.0 39.0
491.0 536.0 63.0
458.0 705.0 13.0
629.0 584.0 9.0
766.0 491.0 60.0
520.0 305.0 38.0
813.0 38.0 9.0
751.0 270.0 1.0
533.0 210.0 40.0
564.0 618.0 45.0
613.0 765.0 48.0
471.0 433.0 54.0
795.0 615.0 51.0
492.0 39.0 44.0
117.0 143.0 14.0
13.0 874.0 53.0
109.0 853.0 30.0
335.0 26.0 46.0
243.0 662.0 24.0
853.0 757.0 15.0
87.0 385.0 19.0
616.0 793.0 25.0
544.0 165.0 40.0
605.0 536.0 57.0
826.0 35.0 22.0
558.0 451.0 49.0
90.0 517.0 1.0
11.0 433.0 37.0
756.0 494.0 43.0
219.0 103.0 7.0
446.0 733.0 37.0
552.0 373.0 38.0
391.0 687.0 63.0
219.0 306.0 49.0
818.0 85.0 26.0
117.0 582.0 54.0
817.0 746.0 16.0
97.0 134.0 28.0
789.0 32.0 3.0
114.0 178.0 17.0
576.0 133.0 60.0
303.0 623.0 7.0
464.0 492.0 62.0
825.0 423.0 45.0
63.0 184.0 61.0
599.0 325.0 38.0
317.0 793.0 14.0
327.0 47.0 39.0
895.0 2.0 34.0
741.0 562.0 35.0
548.0 850.0 1.0
162.0 679.0 48.0
81.0 719.0 54.0
883.0 219.0 49.0
236.0 520.0 33.0
255.0 236.0 32.0
111.0 375.0 50.0
705.0 337.0 8.0
126.0 271.0 29.0
395.0 421.0 54.0
639.0 534.0 44.0
597.0 684.0 8.0
489.0 761.0 58.0
577.0 526.0 52.0
746.0 536.0 55.0
45.0 763.0 34.0
436.0 687.0 40.0
502.0 472.0 15.0
370.0 634.0 29.0
114.0 43.0 6.0
514.0 374.0 28.0
664.0 652.0 55.0
293.0 121.0 63.0
763.0 562.0 53.0
768.0 743.0 9.0
331.0 619.0 59.0
818.0 452.0 38.0
128.0 767.0 11.0
500.0 35.0 25.0
839.0 827.0 67.0
752.0 97.0 5.0
493.0 875.0 45.0
564.0 28.0 44.0
335.0 579.0 31.0
624.0 52.0 6.0
761.0 293.0 43.0
274.0 494.0 14.0
120.0 764.0 61.0
838.0 498.0 46.0
721.0 592.0 26.0
522.0 752.0 62.0
802.0 535.0 45.0
82.0 576.0 37.0
577.0 77.0 58.0
409.0 679.0 33.0
673.0 275.0 18.0
240.0 198.0 7.0
549.0 484.0 45.0
167.0 488.0 55.0
231.0 846.0 41.0
565.0 214.0 40.0
579.0 598.0 42.0
419.0 189.0 40.0
753.0 297.0 20.0
519.0 619.0 35.0
117.0 190.0 34.0
405.0 438.0 48.0
816.0 772.0 6.0
629.0 326.0 20.0
534.0 664.0 22.0
875.0 157.0 23.0
383.0 686.0 59.0
71.0 184.0 6.0
216.0 210.0 3.0
884.0 799.0 2.0
443.0 783.0 32.0
731.0 517.0 60.0
366.0 689.0 32.0
274.0 235.0 33.0
215.0 369.0 44.0
615.0 771.0 46.0
158.0 593.0 62.0
217.0 19.0 22.0
308.0 653.0 22.0
815.0 457.0 30.0
701.0 850.0 7.0
236.0 560.0 9.0
274.0 249.0 8.0
557.0 826.0 66.0
692.0 834.0 8.0
145.0 585.0 13.0
809.0 134.0 55.0
462.0 292.0 31.0
460.0 526.0 64.0
411.0 599.0 62.0
166.0 495.0 12.0
346.0 439.0 11.0
82.0 309.0 55.0
552.0 781.0 33.0
880.0 276.0 52.0
712.0 789.0 48.0
428.0 295.0 29.0
726.0 562.0 34.0
711.0 275.0 53.0
142.0 705.0 28.0
478.0 611.0 4.0
342.0 699.0 4.0
866.0 45.0 67.0
583.0 18.0 38.0
347.0 734.0 59.0
897.0 466.0 22.0
30.0 110.0 47.0
37.0 602.0 57.0
555.0 575.0 2.0
561.0 605.0 53.0
243.0 233.0 58.0
461.0 747.0 46.0
716.0 642.0 41.0
892.0 257.0 13.0
703.0 44.0 19.0
704.0 265.0 41.0
97.0 200.0 32.0
20.0 583.0 41.0
657.0 779.0 37.0
440.0 628.0 58.0
897.0 201.0 46.0
815.0 136.0 55.0
761.0 579.0 3.0
783.0 859.0 26.0
152.0 203.0 30.0
25.0 702.0 65.0
615.0 349.0 34.0
827.0 472.0 31.0
643.0 410.0 23.0
752.0 445.0 27.0
893.0 8.0 30.0
108.0 452.0 34.0
581.0 370.0 15.0
864.0 304.0 42.0
860.0 21.0 57.0
537.0 459.0 41.0
717.0 296.0 48.0
398.0 716.0 3.0
179.0 40.0 60.0
144.0 842.0 14.0
679.0 85.0 33.0
777.0 582.0 5.0
20.0 597.0 46.0
151.0 238.0 2.0
262.0 766.0 9.0
348.0 383.0 25.0
577.0 312.0 5.0
383.0 20.0 2.0
653.0 142.0 52.0
310.0 509.0 50.0
895.0 329.0 57.0
419.0 185.0 27.0
535.0 844.0 18.0
836.0 290.0 59.0
124.0 426.0 8.0
527.0 40.0 12.0
164.0 696.0 58.0
744.0 633.0 58.0
242.0 124.0 30.0
711.0 450.0 34.0
523.0 141.0 39.0
242.0 789.0 43.0
27.0 458.0 13.0
452.0 37.0 35.0
282.0 288.0 51.0
838.0 753.0 46.0
859.0 79.0 65.0
363.0 1.0 32.0
795.0 13.0 23.0
402.0 479.0 43.0
669.0 119.0 36.0
115.0 122.0 26.0
105.0 248.0 16.0
832.0 139.0 16.0
383.0 249.0 11.0
668.0 846.0 2.0
667.0 632.0 53.0
806.0 822.0 42.0
439.0 581.0 59.0
884.0 740.0 22.0
245.0 76.0 11.0
396.0 253.0 8.0
547.0 755.0 56.0
109.0 292.0 30.0
85.0 367.0 20.0
845.0 477.0 25.0
758.0 585.0 1.0
69.0 271.0 47.0
382.0 243.0 17.0
826.0 200.0 54.0
773.0 182.0 11.0
833.0 269.0 42.0
739.0 542.0 47.0
761.0 294.0 56.0
186.0 288.0 61.0
402.0 201.0 39.0
837.0 272.0 40.0
411.0 605.0 34.0
489.0 430.0 23.0
505.0 840.0 47.0
276.0 832.0 3.0
205.0 588.0 26.0
301.0 443.0 18.0
584.0 408.0 25.0
316.0 876.0 31.0
43.0 295.0 33.0
586.0 309.0 38.0
611.0 156.0 43.0
678.0 505.0 35.0
802.0 374.0 20.0
405.0 891.0 1.0
807.0 637.0 4.0
213.0 279.0 10.0
324.0 135.0 43.0
76.0 896.0 41.0
385.0 835.0 16.0
802.0 222.0 14.0
393.0 428.0 67.0
593.0 817.0 48.0
618.0 140.0 21.0
9.0 239.0 41.0
496.0 647.0 24.0
403.0 898.0 43.0
672.0 491.0 12.0
27.0 255.0 1.0
176.0 522.0 58.0
579.0 709.0 63.0
65.0 333.0 24.0
866.0 648.0 37.0
713.0 112.0 17.0
412.0 84.0 4.0
867.0 110.0 9.0
533.0 182.0 57.0
297.0 329.0 41.0
792.0 810.0 15.0
873.0 184.0 43.0
621.0 480.0 56.0
407.0 31.0 21.0
291.0 276.0 14.0
192.0 375.0 8.0
514.0 876.0 66.0
144.0 209.0 33.0
754.0 64.0 1.0
108.0 417.0 63.0
433.0 615.0 51.0
142.0 791.0 14.0
639.0 829.0 36.0
385.0 280.0 28.0
503.0 789.0 7.0
48.0 113.0 54.0
820.0 675.0 57.0
552.0 427.0 51.0
427.0 655.0 13.0
135.0 281.0 16.0
120.0 120.0 41.0
826.0 66.0 7.0
257.0 397.0 34.0
398.0 473.0 32.0
50.0 250.0 39.0
90.0 827.0 52.0
549.0 110.0 55.0
600.0 325.0 55.0
801.0 433.0 42.0
728.0 813.0 42.0
732.0 71.0 29.0
715.0 166.0 58.0
323.0 500.0 27.0
62.0 458.0 40.0
612.0 131.0 5.0
253.0 848.0 54.0
797.0 320.0 55.0
751.0 424.0 10.0
742.0 268.0 34.0
562.0 358.0 51.0
20.0 492.0 1.0
768.0 351.0 46.0
18.0 396.0 17.0
360.0 594.0 48.0
872.0 163.0 49.0
232.0 404.0 48.0
593.0 582.0 54.0
760.0 780.0 27.0
452.0 294.0 11.0
200.0 328.0 45.0
555.0 398.0 5.0
339.0 45.0 56.0
546.0 64.0 2.0
838.0 234.0 14.0
20.0 678.0 65.0
48.0 387.0 2.0
687.0 570.0 34.0
641.0 253.0 13.0
640.0 181.0 44.0
832.0 619.0 58.0
31.0 55.0 43.0
670.0 473.0 51.0
481.0 102.0 26.0
518.0 198.0 15.0
810.0 86.0 18.0
78.0 195.0 4.0
136.0 321.0 42.0
718.0 753.0 23.0
192.0 188.0 20.0
897.0 841.0 19.0
481.0 461.0 32.0
294.0 23.0 67.0
532.0 553.0 29.0
493.0 261.0 19.0
52.0 256.0 58.0
835.0 487.0 11.0
195.0 154.0 47.0
387.0 472.0 59.0
726.0 184.0 20.0
745.0 824.0 30.0
111.0 520.0 22.0
538.0 193.0 19.0
540.0 600.0 8.0
415.0 313.0 66.0
800.0 46.0 59.0
852.0 545.0 43.0
144.0 236.0 32.0
856.0 364.0 33.0
869.0 780.0 42.0
614.0 860.0 37.0
819.0 9.0 22.0
365.0 51.0 8.0
800.0 550.0 37.0
247.0 717.0 66.0
4.0 626.0 51.0
184.0 640.0 58.0
108.0 770.0 44.0
4.0 77.0 12.0
391.0 774.0 52.0
757.0 168.0 28.0
422.0 148.0 34.0
81.0 823.0 32.0
328.0 242.0 55.0
589.0 817.0 40.0
662.0 756.0 66.0
126.0 632.0 20.0
247.0 662.0 65.0
781.0 54.0 10.0
544.0 656.0 27.0
319.0 623.0 57.0
893.0 103.0 23.0
702.0 883.0 25.0
637.0 550.0 58.0
319.0 3.0 30.0
267.0 30.0 5.0
694.0 610.0 59.0
286.0 225.0 18.0
795.0 506.0 45.0
435.0 503.0 3.0
776.0 117.0 49.0
231.0 100.0 13.0
668.0 804.0 67.0
50.0 385.0 24.0
78.0 729.0 63.0
273.0 890.0 56.0
369.0 875.0 59.0
532.0 706.0 46.0
641.0 731.0 61.0
626.0 341.0 60.0
525.0 181.0 34.0
756.0 461.0 58.0
464.0 862.0 51.0
201.0 348.0 36.0
581.0 882.0 4.0
114.0 187.0 59.0
744.0 322.0 53.0
804.0 202.0 51.0
503.0 350.0 44.0
322.0 637.0 23.0
799.0 109.0 32.0
232.0 884.0 26.0
103.0 88.0 18.0
123.0 655.0 17.0
248.0 153.0 19.0
122.0 310.0 32.0
626.0 760.0 54.0
793.0 625.0 67.0
574.0 465.0 26.0
706.0 184.0 38.0
680.0 557.0 49.0
241.0 197.0 37.0
832.0 746.0 5.0
354.0 735.0 5.0
180.0 96.0 44.0
781.0 782.0 62.0
415.0 623.0 8.0
254.0 107.0 20.0
510.0 814.0 54.0
430.0 815.0 32.0
712.0 561.0 37.0
181.0 159.0 10.0
490.0 588.0 29.0
336.0 552.0 55.0
130.0 611.0 50.0
731.0 405.0 1.0
727.0 335.0 57.0
477.0 458.0 24.0
553.0 279.0 28.0
582.0 477.0 52.0
415.0 72.0 31.0
708.0 323.0 49.0
646.0 106.0 14.0
625.0 411.0 22.0
450.0 133.0 8.0
826.0 277.0 7.0
881.0 132.0 18.0
175.0 351.0 34.0
644.0 707.0 22.0
617.0 655.0 61.0
383.0 472.0 35.0
201.0 428.0 8.0
235.0 567.0 40.0
142.0 433.0 61.0
489.0 437.0 3.0
286.0 182.0 20.0
730.0 480.0 47.0
760.0 225.0 40.0
161.0 87.0 64.0
477.0 195.0 45.0
650.0 390.0 41.0
539.0 356.0 54.0
191.0 429.0 23.0
167.0 669.0 9.0
898.0 418.0 45.0
640.0 389.0 61.0
420.0 680.0 65.0
857.0 118.0 59.0
37.0 409.0 35.0
167.0 633.0 49.0
295.0 600.0 48.0
777.0 767.0 39.0
208.0 405.0 15.0
780.0 153.0 52.0
810.0 289.0 48.0
458.0 387.0 51.0
247.0 22.0 48.0
744.0 351.0 2.0
169.0 489.0 50.0
701.0 166.0 48.0
867.0 778.0 65.0
257.0 710.0 40.0
773.0 896.0 13.0
313.0 510.0 59.0
562.0 356.0 1.0
266.0 162.0 34.0
440.0 285.0 28.0
380.0 852.0 63.0
811.0 134.0 37.0
379.0 185.0 21.0
837.0 515.0 36.0
231.0 244.0 31.0
730.0 26.0 58.0
750.0 811.0 12.0
449.0 422.0 54.0
456.0 730.0 59.0
118.0 682.0 14.0
379.0 886.0 55.0
77.0 36.0 10.0
539.0 405.0 10.0
87.0 381.0 17.0
776.0 654.0 47.0
39.0 802.0 35.0
80.0 402.0 17.0
205.0 327.0 16.0
13.0 261.0 67.0
725.0 447.0 13.0
258.0 480.0 64.0
637.0 415.0 60.0
439.0 372.0 59.0
563.0 559.0 21.0
319.0 346.0 16.0
222.0 361.0 50.0
771.0 9.0 59.0
535.0 488.0 12.0
573.0 79.0 37.0
612.0 448.0 21.0
629.0 839.0 56.0
234.0 446.0 31.0
60.0 133.0 9.0
660.0 295.0 38.0
340.0 494.0 36.0
524.0 518.0 24.0
199.0 696.0 4.0
344.0 619.0 3.0
398.0 105.0 49.0
750.0 224.0 19.0
820.0 778.0 66.0
125.0 170.0 23.0
389.0 53.0 55.0
148.0 579.0 14.0
57.0 867.0 16.0
208.0 236.0 41.0
886.0 208.0 4.0
71.0 773.0 47.0
174.0 718.0 36.0
247.0 323.0 20.0
262.0 113.0 13.0
805.0 710.0 23.0
707.0 551.0 17.0
316.0 676.0 28.0
201.0 524.0 3.0
432.0 156.0 39.0
589.0 444.0 60.0
622.0 496.0 59.0
689.0 138.0 64.0
39.0 36.0 28.0
515.0 160.0 53.0
194.0 335.0 38.0
800.0 509.0 32.0
614.0 111.0 33.0
317.0 457.0 25.0
115.0 410.0 46.0
452.0 885.0 51.0
508.0 423.0 2.0
33.0 627.0 7.0
446.0 65.0 9.0
687.0 709.0 10.0
210.0 44.0 1.0
776.0 810.0 57.0
363.0 553.0 8.0
683.0 441.0 27.0
343.0 899.0 46.0
335.0 276.0 15.0
593.0 852.0 46.0
349.0 129.0 49.0
658.0 856.0 49.0
236.0 848.0 25.0
365.0 348.0 37.0
168.0 156.0 65.0
203.0 763.0 17.0
325.0 741.0 31.0
56.0 24.0 51.0
784.0 891.0 40.0
629.0 622.0 32.0
582.0 678.0 44.0
43.0 96.0 21.0
375.0 9.0 66.0
401.0 731.0 30.0
114.0 149.0 53.0
503.0 585.0 50.0
690.0 723.0 18.0
687.0 404.0 43.0
123.0 715.0 9.0
301.0 715.0 39.0
446.0 67.0 12.0
454.0 707.0 27.0
646.0 650.0 1.0
788.0 819.0 36.0
133.0 854.0 65.0
866.0 873.0 32.0
564.0 394.0 30.0
839.0 20.0 56.0
426.0 620.0 63.0
107.0 166.0 22.0
793.0 885.0 41.0
251.0 814.0 32.0
290.0 420.0 1.0
224.0 364.0 43.0
666.0 43.0 31.0
780.0 716.0 49.0
589.0 104.0 39.0
196.0 186.0 41.0
574.0 897.0 41.0
254.0 694.0 63.0
760.0 891.0 43.0
478.0 692.0 45.0
655.0 249.0 27.0
224.0 488.0 31.0
315.0 48.0 5.0
171.0 69.0 13.0
454.0 441.0 5.0
374.0 658.0 20.0
671.0 176.0 43.0
722.0 308.0 60.0
271.0 475.0 44.0
137.0 531.0 59.0
121.0 411.0 44.0
104.0 644.0 60.0
431.0 653.0 62.0
281.0 569.0 1.0
137.0 381.0 2.0
180.0 463.0 63.0
543.0 703.0 6.0
32.0 633.0 64.0
829.0 376.0 51.0
827.0 432.0 66.0
120.0 369.0 12.0
567.0 645.0 36.0
635.0 309.0 14.0
58.0 811.0 11.0
743.0 207.0 21.0
317.0 514.0 34.0
355.0 140.0 5.0
593.0 818.0 11.0
390.0 209.0 61.0
507.0 528.0 57.0
406.0 730.0 62.0
285.0 688.0 20.0
172.0 392.0 64.0
197.0 289.0 9.0
533.0 308.0 25.0
355.0 570.0 63.0
108.0 781.0 32.0
866.0 555.0 56.0
110.0 274.0 30.0
662.0 15.0 22.0
245.0 844.0 66.0
269.0 395.0 49.0
610.0 269.0 63.0
295.0 787.0 67.0
708.0 450.0 45.0
282.0 244.0 7.0
881.0 512.0 13.0
864.0 335.0 26.0
810.0 474.0 43.0
239.0 608.0 15.0
182.0 734.0 30.0
159.0 169.0 47.0
881.0 186.0 9.0
97.0 69.0 57.0
562.0 325.0 27.0
247.0 384.0 9.0
105.0 565.0 26.0
455.0 740.0 15.0
350.0 547.0 34.0
872.0 349.0 23.0
844.0 686.0 66.0
309.0 197.0 39.0
415.0 390.0 45.0
478.0 637.0 62.0
830.0 444.0 20.0
835.0 394.0 54.0
218.0 599.0 32.0
649.0 723.0 41.0
760.0 638.0 31.0
161.0 894.0 15.0
639.0 119.0 50.0
676.0 897.0 47.0
711.0 139.0 24.0
25.0 808.0 41.0
473.0 17.0 7.0
610.0 266.0 5.0
595.0 666.0 18.0
2.0 539.0 47.0
150.0 240.0 25.0
227.0 409.0 36.0
155.0 294.0 55.0
531.0 326.0 65.0
796.0 609.0 19.0
83.0 627.0 7.0
837.0 665.0 40.0
384.0 896.0 64.0
80.0 100.0 30.0
330.0 319.0 10.0
448.0 655.0 36.0
597.0 468.0 50.0
616.0 662.0 43.0
641.0 534.0 18.0
123.0 44.0 22.0
876.0 737.0 15.0
825.0 636.0 53.0
68.0 415.0 50.0
326.0 445.0 4.0
633.0 201.0 7.0
298.0 856.0 4.0
411.0 559.0 13.0
440.0 706.0 46.0
400.0 505.0 54.0
645.0 729.0 3.0
120.0 310.0 10.0
830.0 598.0 47.0
5.0 314.0 25.0
118.0 225.0 19.0
851.0 621.0 33.0
199.0 239.0 26.0
248.0 473.0 53.0
476.0 156.0 49.0
455.0 158.0 13.0
629.0 812.0 59.0
749.0 462.0 53.0
882.0 877.0 4.0
780.0 717.0 1.0
701.0 821.0 12.0
304.0 233.0 23.0
29.0 895.0 24.0
183.0 721.0 30.0
262.0 843.0 49.0
763.0 435.0 47.0
387.0 758.0 47.0
318.0 333.0 56.0
435.0 130.0 2.0
892.0 419.0 48.0
182.0 645.0 7.0
740.0 115.0 5.0
640.0 357.0 22.0
706.0 351.0 33.0
817.0 822.0 53.0
746.0 248.0 38.0
485.0 127.0 47.0
335.0 555.0 60.0
781.0 472.0 49.0
337.0 117.0 21.0
306.0 900.0 30.0
384.0 95.0 32.0
141.0 44.0 37.0
31.0 849.0 58.0
437.0 458.0 20.0
180.0 667.0 40.0
312.0 191.0 15.0
207.0 894.0 56.0
642.0 267.0 33.0
315.0 344.0 20.0
Start 166.0 1000 1000
638.0 80.0 26.0
248.0 345.0 76.0
210.0 916.0 98.0
130.0 114.0 95.0
281.0 770.0 41.0
219.0 67.0 107.0
405.0 923.0 3.0
616.0 807.0 26.0
606.0 470.0 45.0
85.0 253.0 138.0
291.0 761.0 109.0
933.0 142.0 59.0
410.0 78.0 67.0
712.0 26.0 64.0
460.0 609.0 22.0
338.0 309.0 66.0
956.0 461.0 98.0
797.0 418.0 25.0
272.0 66.0 149.0
882.0 568.0 131.0
703.0 679.0 88.0
150.0 491.0 138.0
697.0 668.0 64.0
784.0 584.0 147.0
364.0 248.0 19.0
873.0 600.0 71.0
239.0 863.0 110.0
609.0 893.0 135.0
322.0 246.0 156.0
184.0 477.0 164.0
392.0 816.0 162.0
148.0 311.0 42.0
582.0 479.0 125.0
589.0 179.0 24.0
988.0 460.0 23.0
310.0 834.0 82.0
414.0 851.0 6.0
244.0 267.0 29.0
99.0 334.0 93.0
395.0 628.0 52.0
673.0 649.0 3.0
508.0 655.0 97.0
779.0 998.0 118.0
710.0 120.0 107.0
464.0 611.0 41.0
24.0 532.0 119.0
880.0 97.0 81.0
699.0 954.0 29.0
322.0 381.0 136.0
4.0 578.0 62.0
533.0 616.0 103.0
586.0 666.0 106.0
448.0 290.0 135.0
905.0 293.0 12.0
484.0 319.0 81.0
907.0 377.0 147.0
748.0 329.0 165.0
232.0 797.0 44.0
541.0 10.0 46.0
310.0 575.0 118.0
446.0 734.0 52.0
885.0 738.0 110.0
670.0 939.0 29.0
597.0 197.0 152.0
980.0 666.0 91.0
211.0 157.0 106.0
15.0 439.0 104.0
140.0 672.0 6.0
574.0 235.0 155.0
794.0 153.0 145.0
125.0 819.0 4.0
607.0 432.0 9.0
495.0 403.0 138.0
935.0 49.0 28.0
47.0 461.0 70.0
265.0 507.0 59.0
403.0 173.0 147.0
846.0 492.0 153.0
675.0 164.0 111.0
138.0 376.0 74.0
494.0 20.0 5.0
686.0 428.0 108.0
805.0 958.0 64.0
799.0 42.0 160.0
218.0 555.0 77.0
814.0 322.0 106.0
738.0 833.0 123.0
773.0 523.0 149.0
322.0 125.0 130.0
956.0 198.0 4.0
49.0 218.0 88.0
233.0 460.0 60.0
782.0 304.0 101.0
374.0 180.0 54.0
220.0 466.0 86.0
37.0 434.0 108.0
789.0 136.0 124.0
666.0 106.0 161.0
269.0 145.0 11.0
63.0 798.0 144.0
480.0 388.0 12.0
412.0 594.0 37.0
303.0 590.0 23.0
338.0 380.0 44.0
415.0 211.0 65.0
570.0 512.0 109.0
41.0 864.0 140.0
572.0 358.0 148.0
972.0 166.0 80.0
338.0 274.0 49.0
821.0 123.0 25.0
404.0 813.0 53.0
851.0 903.0 75.0
49.0 693.0 91.0
419.0 288.0 24.0
8.0 87.0 143.0
757.0 541.0 138.0
694.0 239.0 47.0
177.0 937.0 108.0
563.0 19.0 4.0
990.0 282.0 124.0
673.0 556.0 53.0
422.0 419.0 30.0
624.0 381.0 137.0
278.0 788.0 56.0
605.0 906.0 57.0
1000.0 416.0 55.0
482.0 503.0 1.0
531.0 483.0 45.0
235.0 900.0 40.0
971.0 439.0 140.0
320.0 11.0 56.0
450.0 143.0 104.0
864.0 369.0 104.0
988.0 153.0 7.0
207.0 939.0 141.0
12.0 941.0 140.0
151.0 609.0 121.0
818.0 881.0 61.0
870.0 119.0 13.0
754.0 536.0 105.0
693.0 420.0 111.0
637.0 228.0 140.0
630.0 762.0 25.0
564.0 759.0 107.0
405.0 426.0 127.0
314.0 420.0 166.0
952.0 484.0 54.0
283.0 47.0 128.0
474.0 40.0 76.0
813.0 714.0 102.0
707.0 723.0 19.0
900.0 973.0 76.0
451.0 174.0 70.0
75.0 82.0 154.0
474.0 511.0 54.0
373.0 959.0 33.0
992.0 391.0 74.0
351.0 343.0 107.0
70.0 980.0 10.0
315.0 667.0 83.0
746.0 582.0 128.0
886.0 907.0 150.0
917.0 632.0 166.0
709.0 497.0 42.0
989.0 567.0 3.0
146.0 495.0 131.0
857.0 553.0 47.0
685.0 183.0 7.0
829.0 86.0 136.0
398.0 364.0 77.0
690.0 78.0 117.0
45.0 634.0 66.0
54.0 614.0 22.0
423.0 928.0 31.0
881.0 216.0 27.0
748.0 907.0 47.0
112.0 255.0 54.0
463.0 66.0 100.0
703.0 222.0 149.0
918.0 534.0 31.0
173.0 572.0 11.0
146.0 916.0 87.0
494.0 141.0 74.0
161.0 352.0 31.0
804.0 719.0 93.0
160.0 563.0 48.0
666.0 929.0 155.0
994.0 523.0 32.0
445.0 576.0 92.0
752.0 716.0 59.0
744.0 890.0 22.0
114.0 529.0 33.0
634.0 736.0 73.0
858.0 270.0 37.0
824.0 632.0 58.0
944.0 667.0 141.0
790.0 242.0 129.0
675.0 527.0 13.0
687.0 556.0 61.0
493.0 831.0 13.0
294.0 794.0 95.0
869.0 819.0 122.0
116.0 62.0 62.0
968.0 328.0 100.0
668.0 889.0 160.0
343.0 369.0 70.0
954.0 137.0 44.0
867.0 904.0 45.0
764.0 876.0 17.0
531.0 372.0 115.0
994.0 852.0 90.0
368.0 295.0 157.0
118.0 320.0 82.0
615.0 535.0 105.0
933.0 475.0 102.0
806.0 258.0 88.0
945.0 277.0 74.0
792.0 697.0 126.0
370.0 445.0 90.0
805.0 352.0 16.0
650.0 205.0 143.0
835.0 546.0 114.0
170.0 316.0 125.0
295.0 566.0 118.0
262.0 107.0 50.0
607.0 46.0 86.0
434.0 21.0 139.0
117.0 382.0 84.0
785.0 311.0 145.0
978.0 774.0 42.0
847.0 337.0 45.0
245.0 910.0 3.0
155.0 879.0 81.0
744.0 124.0 31.0
311.0 383.0 92.0
846.0 366.0 64.0
295.0 96.0 142.0
562.0 147.0 27.0
431.0 190.0 29.0
383.0 439.0 4.0
631.0 798.0 91.0
802.0 701.0 160.0
803.0 2.0 123.0
861.0 886.0 156.0
417.0 422.0 146.0
295.0 613.0 115.0
870.0 910.0 114.0
6.0 175.0 48.0
287.0 658.0 17.0
531.0 648.0 39.0
681.0 674.0 3.0
696.0 975.0 17.0
606.0 414.0 29.0
646.0 264.0 144.0
918.0 250.0 149.0
390.0 942.0 72.0
482.0 468.0 73.0
767.0 453.0 38.0
266.0 486.0 17.0
515.0 440.0 127.0
603.0 708.0 39.0
791.0 312.0 93.0
468.0 764.0 138.0
840.0 661.0 156.0
569.0 208.0 144.0
562.0 504.0 124.0
278.0 41.0 146.0
825.0 991.0 160.0
870.0 616.0 59.0
632.0 311.0 36.0
975.0 719.0 123.0
656.0 472.0 12.0
352.0 339.0 113.0
336.0 670.0 22.0
182.0 138.0 155.0
324.0 795.0 79.0
681.0 956.0 104.0
847.0 311.0 53.0
346.0 161.0 108.0
531.0 433.0 103.0
196.0 959.0 149.0
112.0 5.0 104.0
517.0 361.0 111.0
530.0 311.0 122.0
412.0 569.0 79.0
152.0 851.0 6.0
883.0 698.0 75.0
126.0 764.0 80.0
453.0 743.0 19.0
182.0 577.0 116.0
927.0 273.0 84.0
64.0 504.0 14.0
830.0 782.0 70.0
248.0 965.0 106.0
154.0 845.0 12.0
850.0 872.0 30.0
114.0 58.0 161.0
748.0 748.0 7.0
885.0 168.0 123.0
736.0 797.0 117.0
411.0 323.0 98.0
128.0 615.0 103.0
882.0 981.0 92.0
99.0 633.0 143.0
872.0 872.0 50.0
392.0 432.0 49.0
341.0 571.0 13.0
821.0 371.0 139.0
993.0 458.0 27.0
713.0 223.0 99.0
210.0 258.0 4.0
470.0 670.0 69.0
998.0 367.0 142.0
421.0 129.0 130.0
762.0 951.0 152.0
143.0 660.0 3.0
293.0 357.0 127.0
6.0 212.0 74.0
959.0 33.0 154.0
701.0 595.0 109.0
706.0 377.0 10.0
443.0 771.0 112.0
311.0 325.0 141.0
885.0 151.0 93.0
103.0 953.0 83.0
212.0 740.0 41.0
716.0 647.0 1.0
367.0 455.0 138.0
923.0 42.0 76.0
710.0 686.0 71.0
131.0 727.0 13.0
226.0 847.0 69.0
177.0 801.0 36.0
531.0 24.0 159.0
878.0 620.0 132.0
577.0 862.0 142.0
637.0 317.0 87.0
94.0 210.0 87.0
975.0 721.0 96.0
230.0 997.0 30.0
134.0 705.0 163.0
567.0 940.0 162.0
984.0 597.0 131.0
188.0 534.0 155.0
226.0 220.0 30.0
730.0 748.0 108.0
658.0 412.0 40.0
582.0 937.0 150.0
895.0 124.0 22.0
553.0 806.0 152.0
969.0 605.0 73.0
308.0 225.0 107.0
457.0 954.0 29.0
685.0 323.0 164.0
60.0 664.0 68.0
98.0 174.0 152.0
463.0 610.0 35.0
843.0 517.0 47.0
163.0 463.0 104.0
87.0 281.0 90.0
57.0 297.0 8.0
200.0 907.0 47.0
662.0 463.0 79.0
119.0 33.0 141.0
78.0 803.0 100.0
368.0 462.0 152.0
173.0 401.0 54.0
55.0 304.0 136.0
28.0 891.0 77.0
348.0 81.0 111.0
848.0 626.0 65.0
180.0 513.0 102.0
52.0 736.0 149.0
13.0 871.0 59.0
973.0 222.0 93.0
544.0 639.0 115.0
126.0 311.0 15.0
171.0 805.0 106.0
450.0 314.0 64.0
603.0 164.0 155.0
809.0 460.0 20.0
97.0 525.0 77.0
835.0 587.0 155.0
915.0 689.0 77.0
179.0 69.0 53.0
627.0 359.0 92.0
268.0 35.0 29.0
887.0 131.0 123.0
945.0 261.0 52.0
424.0 995.0 3.0
936.0 228.0 42.0
647.0 261.0 81.0
136.0 915.0 77.0
914.0 733.0 82.0
544.0 97.0 73.0
40.0 689.0 92.0
335.0 970.0 53.0
596.0 820.0 18.0
757.0 185.0 5.0
509.0 451.0 73.0
56.0 98.0 44.0
8.0 12.0 81.0
623.0 703.0 68.0
233.0 895.0 93.0
583.0 132.0 94.0
532.0 300.0 83.0
625.0 377.0 161.0
354.0 773.0 98.0
412.0 450.0 141.0
468.0 555.0 54.0
279.0 144.0 130.0
418.0 202.0 23.0
361.0 46.0 42.0
406.0 821.0 47.0
4.0 89.0 107.0
288.0 536.0 24.0
407.0 448.0 77.0
861.0 8.0 91.0
438.0 782.0 56.0
800.0 146.0 157.0
431.0 941.0 49.0
434.0 877.0 98.0
397.0 189.0 3.0
221.0 674.0 108.0
216.0 623.0 97.0
349.0 439.0 45.0
280.0 777.0 164.0
286.0 451.0 142.0
389.0 792.0 139.0
234.0 205.0 18.0
955.0 165.0 72.0
66.0 538.0 16.0
304.0 977.0 52.0
292.0 143.0 159.0
944.0 760.0 13.0
314.0 176.0 61.0
425.0 539.0 41.0
680.0 709.0 102.0
149.0 290.0 57.0
106.0 354.0 54.0
263.0 268.0 11.0
918.0 911.0 51.0
325.0 885.0 40.0
688.0 743.0 39.0
645.0 734.0 151.0
475.0 84.0 150.0
123.0 504.0 138.0
270.0 348.0 118.0
815.0 317.0 6.0
401.0 805.0 149.0
687.0 990.0 13.0
309.0 956.0 86.0
739.0 855.0 34.0
871.0 313.0 125.0
565.0 817.0 109.0
350.0 751.0 54.0
916.0 720.0 148.0
908.0 725.0 26.0
76.0 778.0 77.0
942.0 372.0 34.0
57.0 820.0 76.0
257.0 445.0 125.0
218.0 338.0 87.0
414.0 185.0 163.0
112.0 598.0 122.0
454.0 321.0 145.0
765.0 255.0 49.0
396.0 623.0 24.0
359.0 450.0 138.0
540.0 338.0 40.0
373.0 220.0 102.0
921.0 133.0 163.0
582.0 275.0 43.0
617.0 42.0 64.0
202.0 838.0 149.0
767.0 541.0 4.0
807.0 893.0 66.0
537.0 269.0 106.0
965.0 117.0 122.0
304.0 506.0 58.0
523.0 25.0 89.0
466.0 355.0 163.0
202.0 868.0 89.0
622.0 213.0 80.0
979.0 286.0 139.0
823.0 590.0 145.0
105.0 980.0 96.0
39.0 506.0 146.0
797.0 256.0 20.0
252.0 437.0 49.0
364.0 445.0 100.0
257.0 286.0 111.0
947.0 137.0 92.0
722.0 843.0 123.0
181.0 242.0 141.0
450.0 291.0 67.0
21.0 803.0 22.0
694.0 884.0 115.0
934.0 808.0 85.0
433.0 160.0 148.0
717.0 224.0 18.0
413.0 6.0 64.0
858.0 744.0 75.0
769.0 155.0 161.0
497.0 171.0 102.0
942.0 215.0 157.0
600.0 694.0 67.0
202.0 909.0 10.0
579.0 994.0 43.0
326.0 774.0 42.0
602.0 961.0 136.0
214.0 212.0 144.0
664.0 908.0 69.0
532.0 237.0 100.0
947.0 388.0 13.0
733.0 35.0 23.0
141.0 741.0 18.0
296.0 70.0 28.0
565.0 355.0 15.0
90.0 814.0 128.0
990.0 468.0 34.0
905.0 543.0 162.0
567.0 396.0 137.0
260.0 414.0 128.0
111.0 61.0 2.0
163.0 177.0 65.0
961.0 928.0 149.0
178.0 177.0 58.0
463.0 206.0 93.0
330.0 697.0 103.0
22.0 962.0 23.0
540.0 47.0 138.0
112.0 368.0 45.0
775.0 170.0 141.0
260.0 306.0 119.0
933.0 960.0 17.0
111.0 398.0 18.0
280.0 900.0 102.0
179.0 859.0 61.0
472.0 446.0 95.0
64.0 449.0 146.0
580.0 570.0 149.0
830.0 917.0 36.0
229.0 756.0 66.0
204.0 418.0 26.0
614.0 171.0 31.0
621.0 165.0 133.0
737.0 800.0 88.0
947.0 357.0 115.0
281.0 387.0 34.0
861.0 97.0 165.0
694.0 744.0 134.0
73.0 459.0 75.0
113.0 347.0 67.0
118.0 966.0 139.0
629.0 233.0 80.0
961.0 121.0 153.0
219.0 954.0 122.0
703.0 196.0 107.0
869.0 981.0 54.0
702.0 435.0 130.0
215.0 433.0 155.0
402.0 191.0 25.0
428.0 798.0 4.0
399.0 62.0 120.0
467.0 244.0 150.0
942.0 3.0 14.0
720.0 43.0 8.0
509.0 953.0 120.0
8.0 108.0 29.0
715.0 25.0 6.0
986.0 32.0 104.0
769.0 702.0 52.0
813.0 578.0 50.0
845.0 69.0 79.0
256.0 32.0 56.0
2.0 483.0 110.0
815.0 420.0 46.0
858.0 600.0 48.0
383.0 204.0 34.0
947.0 550.0 157.0
84.0 879.0 107.0
19.0 755.0 53.0
268.0 144.0 106.0
201.0 131.0 156.0
940.0 968.0 120.0
730.0 912.0 70.0
817.0 583.0 94.0
420.0 261.0 92.0
524.0 913.0 134.0
385.0 69.0 73.0
453.0 298.0 70.0
21.0 628.0 124.0
400.0 109.0 98.0
586.0 166.0 163.0
87.0 361.0 37.0
907.0 933.0 6.0
150.0 167.0 17.0
835.0 629.0 158.0
431.0 558.0 150.0
9.0 442.0 11.0
720.0 993.0 117.0
489.0 996.0 39.0
330.0 61.0 89.0
888.0 565.0 59.0
314.0 295.0 33.0
168.0 315.0 86.0
413.0 313.0 91.0
128.0 137.0 143.0
117.0 452.0 36.0
689.0 258.0 100.0
883.0 555.0 26.0
862.0 917.0 1.0
895.0 285.0 40.0
155.0 442.0 66.0
546.0 463.0 91.0
481.0 373.0 38.0
631.0 58.0 48.0
916.0 352.0 85.0
416.0 34.0 13.0
339.0 308.0 95.0
843.0 780.0 35.0
862.0 528.0 14.0
178.0 79.0 107.0
168.0 179.0 53.0
54.0 873.0 10.0
802.0 259.0 106.0
715.0 542.0 162.0
902.0 85.0 47.0
1000.0 213.0 76.0
555.0 968.0 105.0
568.0 274.0 19.0
665.0 391.0 22.0
711.0 698.0 162.0
933.0 758.0 97.0
758.0 928.0 93.0
842.0 809.0 145.0
417.0 674.0 1.0
817.0 212.0 144.0
802.0 262.0 136.0
427.0 382.0 93.0
419.0 848.0 19.0
246.0 511.0 89.0
968.0 324.0 11.0
186.0 388.0 38.0
612.0 682.0 15.0
722.0 249.0 18.0
917.0 841.0 73.0
602.0 485.0 44.0
211.0 773.0 34.0
751.0 972.0 84.0
779.0 494.0 29.0
151.0 687.0 75.0
456.0 268.0 152.0
173.0 486.0 32.0
504.0 770.0 78.0
41.0 731.0 46.0
632.0 32.0 70.0
822.0 309.0 15.0
904.0 679.0 163.0
315.0 372.0 83.0
654.0 59.0 127.0
759.0 334.0 122.0
301.0 782.0 103.0
20.0 800.0 60.0
700.0 449.0 19.0
525.0 805.0 151.0
941.0 772.0 129.0
54.0 3.0 68.0
7.0 252.0 128.0
734.0 87.0 17.0
532.0 206.0 90.0
338.0 314.0 94.0
833.0 466.0 13.0
717.0 418.0 23.0
199.0 946.0 133.0
29.0 623.0 132.0
913.0 676.0 16.0
988.0 912.0 75.0
11.0 435.0 17.0
712.0 869.0 94.0
341.0 998.0 15.0
900.0 468.0 137.0
892.0 74.0 28.0
782.0 382.0 39.0
793.0 331.0 55.0
84.0 22.0 125.0
261.0 707.0 114.0
633.0 423.0 92.0
290.0 341.0 112.0
52.0 632.0 147.0
74.0 565.0 115.0
711.0 929.0 82.0
414.0 100.0 40.0
762.0 365.0 138.0
183.0 950.0 33.0
109.0 951.0 156.0
817.0 907.0 81.0
930.0 712.0 155.0
960.0 455.0 47.0
992.0 601.0 161.0
284.0 526.0 55.0
463.0 390.0 102.0
3.0 653.0 110.0
954.0 490.0 9.0
226.0 841.0 113.0
554.0 865.0 73.0
523.0 869.0 19.0
216.0 671.0 107.0
582.0 843.0 128.0
778.0 729.0 49.0
543.0 1.0 121.0
546.0 955.0 104.0
425.0 815.0 18.0
877.0 248.0 124.0
493.0 200.0 131.0
811.0 153.0 74.0
322.0 667.0 100.0
893.0 858.0 4.0
49.0 761.0 79.0
218.0 384.0 119.0
551.0 536.0 60.0
855.0 279.0 6.0
149.0 628.0 28.0
511.0 940.0 143.0
689.0 16.0 68.0
397.0 64.0 59.0
112.0 631.0 24.0
712.0 470.0 59.0
827.0 758.0 145.0
393.0 956.0 41.0
550.0 807.0 99.0
448.0 283.0 26.0
767.0 583.0 129.0
65.0 298.0 90.0
426.0 58.0 149.0
342.0 546.0 28.0
8.0 854.0 106.0
926.0 946.0 78.0
79.0 854.0 108.0
632.0 866.0 96.0
82.0 421.0 27.0
462.0 731.0 73.0
398.0 727.0 114.0
805.0 388.0 102.0
961.0 229.0 42.0
572.0 378.0 76.0
440.0 976.0 126.0
876.0 997.0 52.0
685.0 472.0 27.0
474.0 88.0 100.0
884.0 229.0 115.0
797.0 479.0 115.0
225.0 116.0 65.0
133.0 549.0 26.0
497.0 350.0 32.0
461.0 676.0 35.0
700.0 587.0 33.0
129.0 90.0 130.0
545.0 618.0 21.0
858.0 629.0 30.0
612.0 563.0 143.0
388.0 993.0 76.0
599.0 106.0 53.0
74.0 542.0 76.0
565.0 977.0 17.0
306.0 569.0 3.0
600.0 846.0 29.0
106.0 75.0 146.0
179.0 634.0 134.0
429.0 606.0 83.0
258.0 524.0 26.0
817.0 978.0 111.0
376.0 247.0 27.0
191.0 93.0 147.0
971.0 310.0 81.0
782.0 458.0 48.0
145.0 133.0 142.0
13.0 782.0 59.0
334.0 792.0 91.0
339.0 863.0 40.0
80.0 440.0 92.0
584.0 161.0 127.0
106.0 979.0 82.0
781.0 304.0 130.0
573.0 381.0 21.0
165.0 749.0 136.0
110.0 945.0 99.0
361.0 760.0 124.0
422.0 755.0 51.0
415.0 302.0 6.0
964.0 846.0 56.0
576.0 906.0 25.0
897.0 858.0 80.0
505.0 576.0 110.0
890.0 823.0 13.0
165.0 525.0 139.0
877.0 857.0 26.0
69.0 647.0 103.0
942.0 679.0 52.0
203.0 738.0 18.0
618.0 722.0 67.0
40.0 519.0 95.0
8.0 165.0 161.0
819.0 617.0 153.0
1.0 948.0 159.0
382.0 805.0 63.0
758.0 293.0 16.0
243.0 784.0 29.0
730.0 537.0 63.0
388.0 688.0 107.0
388.0 193.0 76.0
188.0 616.0 80.0
902.0 19.0 81.0
408.0 106.0 14.0
529.0 845.0 21.0
940.0 431.0 146.0
727.0 715.0 120.0
677.0 207.0 33.0
33.0 284.0 150.0
27.0 700.0 164.0
784.0 944.0 141.0
320.0 550.0 19.0
585.0 858.0 146.0
897.0 795.0 73.0
238.0 493.0 20.0
596.0 333.0 19.0
95.0 604.0 108.0
695.0 118.0 99.0
762.0 345.0 138.0
40.0 17.0 20.0
762.0 970.0 165.0
10.0 640.0 17.0
625.0 476.0 70.0
323.0 228.0 35.0
396.0 777.0 124.0
283.0 885.0 22.0
392.0 385.0 132.0
459.0 587.0 29.0
190.0 639.0 68.0
551.0 247.0 161.0
126.0 35.0 73.0
312.0 329.0 23.0
548.0 985.0 147.0
202.0 250.0 20.0
624.0 912.0 21.0
358.0 15.0 42.0
837.0 266.0 165.0
585.0 901.0 160.0
355.0 116.0 121.0
183.0 528.0 155.0
53.0 68.0 26.0
522.0 666.0 134.0
121.0 623.0 35.0
374.0 717.0 8.0
328.0 498.0 66.0
111.0 859.0 34.0
239.0 237.0 114.0
171.0 589.0 33.0
24.0 506.0 72.0
600.0 289.0 68.0
144.0 165.0 77.0
623.0 810.0 71.0
786.0 661.0 160.0
635.0 947.0 2.0
714.0 733.0 68.0
884.0 529.0 76.0
410.0 368.0 74.0
803.0 273.0 11.0
455.0 340.0 162.0
839.0 57.0 17.0
727.0 568.0 6.0
48.0 170.0 43.0
757.0 529.0 11.0
349.0 890.0 52.0
861.0 602.0 143.0
358.0 356.0 45.0
936.0 832.0 113.0
127.0 770.0 36.0
245.0 185.0 4.0
14.0 974.0 139.0
579.0 986.0 150.0
561.0 108.0 47.0
627.0 254.0 4.0
620.0 511.0 116.0
866.0 122.0 27.0
688.0 11.0 4.0
27.0 881.0 159.0
268.0 41.0 69.0
44.0 617.0 165.0
36.0 437.0 95.0
119.0 492.0 11.0
310.0 677.0 112.0
74.0 518.0 94.0
122.0 655.0 138.0
937.0 231.0 73.0
488.0 759.0 129.0
656.0 718.0 63.0
80.0 110.0 21.0
21.0 512.0 90.0
517.0 818.0 137.0
391.0 458.0 15.0
169.0 149.0 134.0
192.0 635.0 48.0
677.0 755.0 67.0
665.0 200.0 43.0
775.0 704.0 106.0
97.0 715.0 143.0
489.0 827.0 88.0
128.0 502.0 28.0
987.0 24.0 78.0
389.0 190.0 32.0
203.0 119.0 18.0
139.0 163.0 54.0
885.0 897.0 78.0
66.0 730.0 27.0
533.0 52.0 49.0
504.0 696.0 41.0
317.0 506.0 134.0
894.0 585.0 32.0
928.0 219.0 146.0
58.0 21.0 66.0
193.0 65.0 108.0
195.0 159.0 61.0
540.0 427.0 20.0
241.0 213.0 117.0
163.0 786.0 75.0
358.0 973.0 144.0
94.0 227.0 40.0
769.0 203.0 8.0
973.0 432.0 45.0
489.0 143.0 88.0
952.0 498.0 85.0
766.0 434.0 88.0
814.0 777.0 56.0
367.0 62.0 77.0
868.0 760.0 121.0
364.0 727.0 124.0
600.0 705.0 21.0
618.0 98.0 141.0
195.0 832.0 113.0
729.0 910.0 88.0
335.0 429.0 115.0
489.0 906.0 61.0
740.0 263.0 71.0
815.0 204.0 120.0
505.0 402.0 57.0
967.0 239.0 139.0
880.0 595.0 21.0
766.0 846.0 63.0
869.0 936.0 66.0
236.0 120.0 113.0
169.0 18.0 91.0
928.0 42.0 124.0
978.0 325.0 44.0
440.0 733.0 82.0
316.0 281.0 98.0
733.0 43.0 123.0
368.0 395.0 164.0
691.0 507.0 137.0
156.0 925.0 81.0
458.0 913.0 51.0
536.0 868.0 163.0
920.0 607.0 104.0
125.0 889.0 17.0
840.0 460.0 35.0
592.0 755.0 147.0
822.0 319.0 57.0
659.0 438.0 158.0
944.0 764.0 165.0
838.0 122.0 30.0
501.0 736.0 90.0
1.0 24.0 110.0
390.0 812.0 146.0
499.0 120.0 99.0
739.0 641.0 65.0
24.0 282.0 165.0
90.0 920.0 10.0
381.0 958.0 38.0
898.0 553.0 120.0
909.0 710.0 109.0
81.0 874.0 122.0
372.0 737.0 157.0
413.0 625.0 99.0
836.0 861.0 12.0
776.0 73.0 79.0
461.0 560.0 105.0
660.0 301.0 62.0
263.0 918.0 24.0
50.0 414.0 34.0
282.0 237.0 111.0
600.0 552.0 39.0
874.0 471.0 83.0
15.0 191.0 152.0
109.0 89.0 60.0
74.0 959.0 130.0
884.0 65.0 101.0
133.0 909.0 97.0
764.0 961.0 139.0
